50 50
1.0
-25.0 -25.0
1.0 0.0
1.0 1.00908282548e-05
1.0 1.37300744996e-07
1.0 8.05230286005e-07
1.0 1.00638671008e-10
1.0 -2.98209783978e-07
1.0 4.17747423853e-06
1.0 2.72265901913e-06
1.0 2.12883674067e-06
1.0 2.33612695411e-06
1.0 3.06412721329e-06
1.0 2.20961328523e-06
1.0 2.1422122245e-06
1.0 -7.78829473802e-07
1.0 3.34838290428e-07
1.0 3.12077986564e-07
1.0 3.34499702603e-07
1.0 7.98211260644e-07
1.0 6.38732046809e-07
1.0 4.28706840694e-07
1.0 2.60754461578e-07
1.0 0.0
1.0 0.0
1.0 0.0
1.0 0.0
1.0 0.0
1.0 0.0
1.0 0.0
1.0 0.0
1.0 0.0
1.0 0.0
1.0 0.0
1.0 0.0
1.0 0.0
1.0 0.0
1.0 0.0
1.0 0.0
1.0 5.36699706899e-09
1.0 4.2415167627e-06
1.0 2.78735069514e-06
1.0 2.48432343142e-06
1.0 2.06061758945e-06
1.0 1.60393403803e-06
1.0 1.91149547391e-06
1.0 2.03707259061e-06
1.0 1.67695156961e-06
1.0 6.63154060021e-06
0.999999880791 -0.000514809275046
0.999992787838 -0.00370436324738
1.0 -3.30947846905e-09
1.0 0.0
0.629066586494 0.77735131979
8.46046968945e-05 1.0
-0.721230149269 0.692695319653
0.999999165535 0.000280125997961
0.993519604206 -0.113660492003
0.998685061932 -0.0512655228376
-2.54352780757e-05 0.999999582767
-0.999961972237 0.00866464618593
-0.999989032745 0.00466264691204
-0.999999463558 0.000652225513477
-0.999969601631 0.00774748204276
-0.999925553799 -0.0121934628114
-0.999305605888 -0.0372572019696
-1.0 4.65756820631e-05
-1.0 6.30934955552e-05
-0.999999821186 6.61929298076e-05
-1.0 -1.04109687982e-06
-0.999999761581 -8.02676936473e-07
-0.999999821186 -1.51793290115e-06
-0.999999284744 -1.4630944861e-05
1.0 1.02096393562e-07
0.999846041203 -0.0175223592669
1.0 -3.24268585246e-05
1.0 0.0
1.0 0.0
1.0 0.0
1.0 0.0
1.0 0.0
1.0 0.0
1.0 0.0
1.0 0.0
1.0 0.0
1.0 0.0
1.0 -6.80413547727e-09
0.999999463558 -0.000258041283814
1.0 4.14298872986e-10
0.0970246493816 0.995281934738
-0.999999880791 0.000144871053635
-0.999994933605 0.00311174569651
-0.99998575449 0.00528848636895
-0.999957084656 0.00926448497921
-0.999748647213 0.0224136710167
-0.999918937683 0.0127253970131
-0.999861478806 0.0166386142373
-0.999493300915 0.0318260006607
-0.999998509884 0.00137764366809
-0.999999523163 6.27832832834e-07
-0.99930614233 0.037217259407
1.0 5.78348497982e-08
1.0 0.0
0.817331552505 0.576167464256
0.00661921640858 0.999977827072
-0.547625362873 0.836723089218
1.0 -6.15072224264e-08
6.98963549439e-06 -0.999999880791
1.0 -7.27797610047e-14
0.00129432987887 0.99999910593
1.0 1.02410717773e-06
1.0 8.9784633019e-05
1.0 3.87549050629e-07
1.0 4.68344779847e-07
1.0 5.51500022539e-07
1.0 4.89142564675e-07
1.0 5.01645615714e-07
1.0 5.06740036599e-07
1.0 5.19451532455e-07
1.0 5.93311654029e-07
1.0 5.3004231404e-07
1.0 -8.89937000466e-05
-1.78866002898e-06 -0.999999046326
1.0 3.75480489799e-13
0.0303495526314 -0.999539256096
1.0 -1.90944101632e-05
1.0 0.0
1.0 0.0
1.0 0.0
1.0 0.0
1.0 0.0
1.0 7.34958885005e-05
1.0 8.46885825356e-11
1.0 0.0
1.0 0.0
1.0 0.0
1.0 -1.05146391149e-07
3.17493936564e-06 -0.999999940395
1.0 1.81957582335e-09
-0.113657101989 0.993519961834
1.0 4.28314592682e-07
1.0 0.0
1.0 0.0
1.0 0.0
1.0 0.0
1.0 0.0
1.0 0.0
1.0 0.0
1.0 0.0
1.0 1.85535282071e-05
0.256753504276 -0.966476500034
1.0 -3.2531804095e-07
1.0 0.0
1.0 3.78746598528e-08
-0.0197923742235 0.999803781509
-0.943380534649 0.33171197772
1.0 -4.52821851127e-08
-0.0488994494081 -0.99880361557
1.0 5.43040243883e-08
-0.00990966614336 0.999950647354
1.0 8.03809996341e-07
0.000114754788228 0.999999880791
-0.998375356197 0.0569798760116
-0.999999463558 0.000754267442971
-0.999999642372 0.00067678274354
-0.999997377396 0.00226154900156
-0.999996066093 0.00273313862272
-0.999998629093 0.00155583035666
-0.999999284744 0.00108209403697
-0.999999880791 0.000195829052245
-0.999999821186 0.000614923774265
1.0 -1.06565903479e-05
0.00043959976756 -0.999999046326
1.0 0.0
1.0 -6.6495758233e-08
1.0 -2.9772698521e-13
1.0 0.0
1.0 0.0
1.0 0.0
1.0 0.0
1.0 0.0
0.000174098851858 0.999999940395
1.0 9.41855250858e-06
1.0 0.0
1.0 0.0
1.0 0.0
1.0 -7.67840262483e-08
2.15331674553e-05 -0.999999940395
1.0 6.68182664754e-08
4.36699338024e-06 0.999999940395
1.0 1.36675371021e-09
1.0 0.0
1.0 0.0
1.0 0.0
1.0 0.0
1.0 0.0
1.0 0.0
1.0 0.0
1.0 0.0
1.0 3.88421285606e-05
1.38679047268e-06 -0.999999523163
1.0 -2.98475157479e-07
1.0 0.0
1.0 1.57691999902e-07
7.52693765094e-08 1.0
1.0 5.10671441134e-07
1.0 3.37670172712e-07
1.0 2.86072094013e-07
1.0 -2.3228363677e-10
-0.000323458400089 0.999999821186
1.0 3.86084906268e-07
0.00014980234846 0.999999940395
1.0 1.2039706121e-07
1.0 0.0
1.0 0.0
1.0 0.0
1.0 0.0
1.0 0.0
1.0 0.0
1.0 -6.95758217262e-06
0.000494641077239 -0.999999880791
1.0 -1.25041096908e-05
1.89105503523e-05 -0.999999344349
1.0 0.0
1.0 0.0
1.0 0.0
1.0 0.0
1.0 0.0
1.0 0.0
1.0 0.0
1.0 0.0
1.0 6.27283839094e-07
1.0 7.22802406036e-13
1.0 0.0
1.0 0.0
1.0 0.0
1.0 -3.21513857204e-11
0.0328552424908 -0.999460041523
1.0 7.21645037061e-08
1.62521814673e-06 0.999999880791
1.0 0.0
1.0 -2.04667358048e-05
0.999889492989 -0.0148668177426
1.0 -2.3618897103e-05
1.0 0.0
1.0 0.0
1.0 0.0
1.0 0.0
1.0 0.0
1.0 3.32225795319e-07
8.18172702566e-06 -0.999999761581
1.0 -3.36457532057e-07
1.0 0.0
1.0 1.47711034515e-07
-4.37113705232e-08 0.999999761581
-0.999999880791 3.89406551449e-07
-0.999999940395 8.66251468779e-07
-0.999999701977 0.000211389706237
-0.999900519848 -0.0140698077157
-0.998649477959 0.0519478730857
1.0 4.94583673571e-06
3.13083291985e-05 0.999999940395
1.0 1.32730320956e-07
0.999998569489 -0.00166482641362
1.0 -7.38004442063e-19
1.0 0.0
1.0 0.0
1.0 0.0
1.0 0.0
1.0 -3.66478502656e-07
6.25399110277e-08 -0.999999940395
1.0 -3.03158376482e-05
-0.000963492086157 -0.999998569489
1.0 1.14751333058e-06
1.0 7.20103514595e-07
1.0 4.71888739639e-07
1.0 4.8229139793e-07
1.0 8.4264047473e-07
1.0 6.69938117426e-07
1.0 6.43079715701e-07
1.0 5.41626559425e-06
1.0 5.26107214682e-06
1.0 7.95548567112e-06
1.0 5.05589980548e-07
1.0 2.61343188868e-07
1.0 3.2037766573e-07
1.0 3.04809248064e-07
1.0 2.05010621812e-07
1.0 4.20469262963e-07
7.54977449446e-08 1.0
1.0 8.5747881167e-15
1.0 -2.13995153899e-05
1.0 -2.12725603888e-06
1.0 -4.13566203505e-09
1.0 0.0
1.0 0.0
1.0 0.0
1.0 0.0
1.0 0.0
0.986282646656 -0.165064021945
0.999999701977 2.12199211092e-07
1.0 -5.81807410007e-18
1.0 0.0
1.0 1.40095906431e-07
-1.05341287053e-05 1.0
1.0 1.1765397403e-06
1.0 9.81198468253e-07
1.0 3.49559413735e-05
0.999999701977 0.000304102082737
1.0 0.000213778606849
1.0 7.76849333306e-07
2.86656700155e-07 1.0
1.0 -1.63831458622e-07
7.10580820851e-07 -0.999999761581
1.0 -2.41537463808e-06
1.0 5.04608528085e-14
1.0 4.38802373992e-07
1.0 2.84844986709e-07
1.0 2.74001791922e-07
1.0 3.23776191635e-07
1.0 3.89989160965e-08
1.0 -1.74681299541e-05
-0.000886125315446 -0.999998629093
-0.999999701977 2.86976028292e-05
-0.999999821186 0.000492485240102
-0.999926269054 0.0121274841949
-0.99999833107 0.00183787813876
-0.999999940395 3.19703417517e-06
-0.999999701977 5.63462026548e-06
-0.999999821186 6.27832207556e-07
-0.999999761581 1.99397327378e-05
-0.999999880791 -1.04109687982e-06
-0.999999880791 -8.02678357559e-07
-0.999999940395 7.06513355908e-06
-0.999999940395 0.000210435959161
-0.999999821186 0.000291479984298
-0.999999880791 0.000336082681315
-0.999999821186 0.000324638152961
-0.999999523163 0.000855596561451
-1.0 5.63460662306e-06
1.0 5.39642854847e-08
0.999999582767 -1.24055150081e-05
1.0 -7.74176101004e-09
1.0 0.0
1.0 0.0
1.0 0.0
1.0 0.0
1.0 0.0
1.0 0.0
1.0 2.6852463634e-05
0.000459507864434 0.999999463558
1.0 0.0
1.0 0.0
1.0 6.26310850294e-07
-1.62920656521e-07 0.999999880791
-0.999998211861 0.000549228047021
-0.999999701977 0.000721128599253
-0.999999821186 0.000402362813475
-1.0 8.24054004624e-05
-0.999999821186 0.000382335827453
-0.999768018723 0.0215344205499
-0.99999922514 0.00120711291675
1.0 1.32715847201e-08
-0.00168828095775 -0.999996602535
1.0 -2.03246941055e-06
0.00214018579572 0.99999755621
-0.999999821186 -6.26146245963e-09
-1.0 2.29676288654e-06
-0.999999880791 6.76314175507e-06
-0.999999821186 3.67392112821e-06
-0.999999940395 1.50995774106e-07
1.0 -9.93158300844e-06
0.0527416467667 -0.998607754707
1.0 -1.05307584874e-07
1.0 5.88639637034e-10
1.0 7.14302814231e-07
1.0 5.1213947927e-07
1.0 2.59366942146e-07
1.0 2.10034343695e-07
1.0 2.79239998235e-07
1.0 2.58886700522e-07
1.0 2.83683903035e-07
1.0 1.8749441324e-06
1.0 1.35162849801e-06
1.0 9.96235144157e-07
1.0 9.53625601596e-07
1.0 1.06723689441e-06
1.0 1.1495291119e-06
1.0 1.64736673014e-06
1.0 1.05281492324e-06
1.0 5.81901107161e-12
1.75992627192e-05 -0.999999940395
1.0 -8.07006586001e-07
1.0 1.98028965315e-06
1.0 1.44728574014e-06
1.0 1.81977623015e-06
1.0 1.51492520217e-06
1.0 -3.01991519791e-07
1.0 4.3878205247e-07
1.0 3.25031578541e-05
0.00023217589478 0.999999642372
1.0 0.0
1.0 0.0
1.0 1.25122357986e-06
7.54978799478e-08 0.999999821186
1.0 1.32869558911e-06
1.0 2.9607399199e-08
1.0 0.0
1.0 7.84480309489e-14
1.0 0.000170921033714
1.0 -3.09423256795e-07
1.33632929646e-05 -0.999999940395
1.0 3.44440463463e-15
-4.3711310127e-08 -0.999998927116
1.0 -5.06511514686e-06
5.18123233633e-05 0.999999940395
1.0 4.17928731622e-07
1.0 6.02939098826e-06
1.0 -1.91967428691e-05
2.32910078921e-05 -0.999999403954
1.0 -7.003231417e-07
1.0 -8.66486573159e-07
-1.10185237645e-05 -1.0
1.0 -2.03058277748e-07
-0.00791074335575 0.999968588352
-0.999999940395 1.42978095141e-07
-0.999999821186 1.50995589365e-07
-0.999999761581 0.000709446205292
-0.999996006489 0.00271191867068
-0.999999880791 3.32911404257e-05
-0.999999761581 0.000624447828159
-1.0 0.000147668528371
-0.999999701977 1.50995745685e-07
-0.999999761581 8.66247887643e-07
-0.999980032444 0.00631292071193
-0.999990999699 0.00420415541157
-0.999991834164 0.00402843719348
-0.999996721745 0.0025037813466
-0.999999701977 0.00026455684565
-0.999992549419 0.0037604784593
1.0 4.91501923534e-05
-5.42371271877e-05 -0.999999880791
-1.0 -1.62329092745e-06
-0.999999940395 3.32865820383e-05
-0.999998867512 0.00106653291732
-0.999999940395 3.13838208967e-05
-0.999999582767 -0.000447360507678
-0.999963641167 -0.00851939339191
-0.999999701977 -0.000147321115946
1.0 1.10901983135e-05
9.91216984403e-06 0.999999701977
1.0 0.0
1.0 0.0
1.0 1.59395327159e-07
-2.2533490629e-09 0.999999761581
1.0 6.19884485786e-06
0.00020904710982 0.999999761581
1.0 0.0
1.0 4.41971721443e-08
-1.76522735273e-05 0.999999463558
1.0 0.000144741105032
0.00100918102544 -0.999999284744
1.0 0.0
-0.000232859194512 -0.999998986721
1.0 -7.02262195773e-06
3.88131446982e-08 0.999999821186
1.0 8.87281714768e-07
5.43991563973e-06 1.0
1.0 -9.46743421082e-06
7.32698608772e-05 -0.999999344349
1.0 -7.61785940995e-07
1.0 -7.992895803e-07
7.54978657369e-08 -0.999999582767
1.0 -2.04991408737e-07
0.00151164829731 0.999998748302
1.0 2.97008909911e-07
1.0 3.73715354452e-13
1.0 3.2479746892e-07
1.0 3.75818227246e-15
1.0 0.0
-5.36347233293e-09 -0.999999940395
1.0 -3.86554916076e-07
1.0 -4.10724538824e-08
1.0 0.0
1.0 0.0
1.0 0.0
1.0 0.0
1.0 0.0
1.0 0.0
1.0 0.0
1.0 -2.17844501549e-07
4.88761145334e-07 -0.999999701977
1.0 -8.27259555081e-07
0.000110569228127 -0.999999821186
1.0 -9.4974775493e-06
1.0 0.0
1.0 0.0
1.0 -4.9503273658e-07
7.70489168644e-06 -0.999999880791
1.0 9.43680242926e-06
0.0176036991179 0.999844670296
1.0 0.0
1.0 0.0
1.0 8.30728907886e-08
7.54978941586e-08 0.999999940395
1.0 5.03927310547e-07
0.0219544935971 0.999758780003
1.0 3.03685854242e-10
1.0 3.15007476738e-16
-1.51168862317e-07 0.999999582767
1.0 6.05610111961e-05
0.00029213790549 -0.999999761581
1.0 0.0
3.65176720152e-06 -0.999999582767
1.0 -8.03263174021e-06
0.00522976089269 0.999986052513
1.0 3.73098743012e-07
4.48624132332e-06 1.0
1.0 -7.01214366927e-06
0.000568584422581 -0.999999582767
1.0 -5.38615267942e-07
1.0 -1.86286115422e-06
-5.4081287999e-06 -0.999999940395
1.0 -5.09288668127e-07
0.000234321676544 0.999999701977
1.0 4.62129293055e-07
1.0 6.38832125333e-06
6.75121737004e-06 0.999999880791
1.0 1.16787795434e-07
1.0 0.0
-0.0508719608188 -0.998704850674
1.0 -3.04589912048e-06
0.999999940395 -2.89983201895e-08
1.0 0.0
1.0 0.0
1.0 0.0
1.0 0.0
1.0 0.0
1.0 0.0
1.0 0.0
1.0 -9.39498576713e-08
6.5127965172e-06 -0.999999642372
1.0 -3.5191547795e-05
-0.00187012541573 -0.999997913837
-0.999999940395 0.000377504038624
-0.999999046326 0.00122228369582
-0.999996125698 0.00273790769279
-0.999998688698 -0.00162177928723
-0.999999403954 -1.47429872754e-07
1.0 9.71255940385e-06
0.0183777678758 0.999830901623
1.0 0.0
1.0 0.0
1.0 7.89120235822e-08
1.74441674972e-06 0.999999940395
1.0 9.86019710325e-10
5.67833376408e-06 0.999999880791
1.0 1.81802377597e-07
1.0 0.0
6.71544000852e-07 0.999999523163
1.0 3.29528556904e-05
0.0889842286706 -0.996032834053
1.0 0.0
1.14837985166e-06 -0.999999701977
1.0 -1.02171852632e-05
6.15517046754e-06 0.999999880791
1.0 4.89594015107e-07
3.13916444838e-07 0.999999940395
1.0 -4.00377803089e-06
0.0460837520659 -0.998937249184
1.0 -2.6714369028e-07
1.0 -7.43170878569e-13
1.0 -2.86396902993e-06
1.0 -1.28256617566e-13
-9.65445412504e-09 0.999999821186
1.0 1.11628980903e-06
1.0 4.62075973928e-07
7.54978728423e-08 0.999999821186
1.0 2.16600582803e-07
1.0 0.0
0.00279314466752 -0.999996066093
1.0 -2.53127541328e-06
4.21563745476e-05 -1.0
1.0 0.0
0.999999523163 0.000964545470197
1.0 9.64345409082e-11
1.0 0.0
1.0 6.83341543208e-15
1.0 2.63065516037e-07
1.0 3.15364991366e-06
1.0 3.21513630297e-06
1.0 2.07921289075e-06
1.0 2.65903304353e-06
1.0 1.16104320114e-06
1.0 3.81527843274e-06
1.0 3.45488547282e-06
1.0 2.93199013868e-06
1.0 3.2422442473e-06
1.0 1.17471574868e-06
1.0 1.61534524068e-06
4.72465944767e-06 0.999999940395
1.0 0.0
1.0 0.0
1.0 9.18752434131e-08
7.54977875772e-08 1.0
1.0 0.0
0.000590994372033 0.999999761581
1.0 2.48614753673e-07
1.0 0.0
-6.43939568334e-09 0.999999761581
1.0 2.87975285573e-06
1.0 -6.11522091276e-06
1.0 0.0
0.0910378545523 -0.995846807957
1.0 -6.51220034342e-06
6.95745111443e-05 1.0
1.0 3.81749060807e-07
3.29414820044e-06 0.999999940395
1.0 -1.39564528823e-08
9.52438767854e-06 -0.999999880791
-0.999999821186 -5.13960207726e-10
-0.999961853027 -0.00871679652482
-1.0 9.62335834629e-05
-1.0 0.000178249669261
-0.999999940395 2.83708395727e-05
1.0 2.32554612012e-06
1.0 1.42524228863e-07
-4.36407638915e-08 0.999999940395
1.0 1.57850166715e-07
1.0 0.0
0.00113292085007 -0.99999922514
1.0 -2.78392826658e-06
8.66213958943e-05 -0.999999761581
1.0 0.0
2.91397952878e-07 0.999999523163
1.0 2.13152793549e-06
1.0 2.21785271037e-07
1.0 1.54453914547e-07
-0.0135639198124 0.999907493591
-0.999999761581 7.86393286489e-07
-0.999999821186 1.34308845645e-06
-0.999999940395 0.000112922971311
-0.999999940395 8.97246081877e-06
-1.0 0.000129612279125
-0.999999880791 2.53518123827e-06
-0.999999821186 2.2967624318e-06
-0.999999821186 4.68810285383e-05
-0.999999761581 1.81992538728e-06
-0.999005615711 -0.0445752069354
1.0 1.54439840117e-06
4.93089282827e-05 1.0
1.0 0.0
1.0 0.0
1.0 9.30731971494e-08
1.50600919824e-06 0.999999940395
1.0 -1.82197240406e-07
0.999996542931 -0.00251133460552
0.999999523163 -1.13600447094e-06
1.0 0.0
1.0 7.0419343956e-07
1.0 1.31954600783e-13
1.0 0.0
1.0 0.0
-0.00365236913785 -0.999993145466
1.0 -5.54724010726e-06
0.0003472128883 0.999999821186
1.0 3.38274645628e-07
1.73608405021e-05 0.999999821186
1.0 0.0
1.0 -2.68617736765e-06
1.0 4.23531361093e-07
1.0 4.28288387866e-07
1.0 4.39499245886e-07
1.0 4.29371596056e-07
1.0 4.00609991402e-07
1.0 8.72387557159e-14
1.0 1.86580464856e-07
3.39527264259e-06 0.999999940395
1.0 8.36102831414e-09
1.0 0.0
0.00593761354685 -0.999982178211
1.0 -3.52880147148e-06
1.94707126866e-07 -0.999999940395
1.0 0.0
5.81996282563e-05 0.999999880791
1.0 3.74742876375e-06
1.14571994345e-05 0.999999821186
1.0 2.05810511034e-06
2.34047388403e-06 0.999999821186
1.0 0.0
1.0 0.0
1.0 0.0
1.0 0.0
1.0 0.0
1.0 0.0
1.0 0.0
1.0 4.03390840802e-05
1.0 0.000186950957868
7.46730535184e-08 -0.999999940395
1.0 4.87293846163e-07
0.105279892683 0.994442462921
1.0 0.0
1.0 0.0
1.0 1.30124888642e-07
7.54977875772e-08 0.999999880791
1.0 -3.14246648451e-13
1.0 1.24205416796e-05
1.0 -1.01709895262e-06
1.0 0.0
1.0 0.0
1.0 0.0
1.0 0.0
1.0 0.0
1.0 -8.01192243216e-07
1.0 -7.11157369972e-13
1.40864940477e-05 1.0
1.0 4.63758794922e-07
1.02917204003e-06 0.999999880791
1.0 0.0
1.0 0.0
1.0 -4.72625373504e-07
1.0 -5.56169558108e-14
1.0 0.0
1.0 0.0
1.0 0.0
1.0 0.0
1.0 3.59620685231e-07
5.96755922455e-10 0.999999821186
1.0 0.0
1.0 0.0
0.00036926654866 -0.999999940395
1.0 -3.76888442588e-06
0.00682487152517 -0.999976456165
1.0 0.0
0.00240845745429 0.999996721745
1.0 2.43533213506e-06
8.85286499397e-05 1.0
1.0 1.67776113358e-06
1.21156344903e-05 0.999999880791
1.0 0.0
1.0 0.0
1.0 0.0
1.0 0.0
1.0 0.0
1.0 0.0
1.0 0.0
0.0615228712559 0.998105168343
1.0 0.000183915472007
-4.37113634177e-08 -0.999999880791
1.0 -1.61241061392e-07
1.86363683952e-06 0.999999821186
1.0 4.89790237244e-15
1.0 0.0
1.0 8.79511645735e-08
7.34726336304e-06 0.999999940395
0.999596059322 0.0284157786518
-5.40812834515e-06 0.999999821186
-0.999993681908 0.00311937183142
-0.999998569489 0.00153198232874
-0.999999403954 0.000651986862067
-0.999999940395 -8.87790229172e-05
-0.998449206352 -0.055668476969
-0.999812662601 0.0193549506366
-0.999921500683 0.0125086875632
-0.999996483326 0.00260892370716
-0.999954164028 0.0095541505143
1.0 5.39582424608e-06
0.000519589520991 0.999999880791
1.0 2.85801451949e-11
1.0 0.0
4.76592845189e-07 -0.999999880791
1.0 -1.49279219386e-06
1.0 1.56397527462e-06
1.0 5.90065099004e-07
1.0 5.47909849047e-07
1.0 5.69639666992e-07
1.0 2.44002734684e-13
1.0 9.65719024748e-08
1.0 0.0
1.0 0.0
0.00397307099774 -0.999991893768
1.0 -3.32653576152e-06
0.000747636717279 -0.999999463558
1.0 0.0
0.00299150845967 0.999995470047
1.0 2.34868343796e-06
1.06849220174e-05 1.0
1.0 1.31012018301e-06
0.000367239961633 0.999999880791
1.0 1.48417684392e-11
1.0 0.0
1.0 0.0
1.0 0.0
1.0 0.0
1.0 0.0
1.0 0.0
0.0885502323508 0.996071338654
1.0 0.000165037825354
1.19248761976e-08 -0.999999821186
1.0 -2.57544485294e-07
8.83225220605e-05 0.999999821186
1.0 1.97429372406e-07
1.0 0.0
1.0 2.86991394205e-07
-0.041613869369 0.999133586884
1.0 6.39233093125e-08
2.90433472401e-05 0.999999701977
1.0 1.56322869316e-06
1.0 8.96575045317e-07
1.0 1.02078536202e-06
1.0 9.11719666874e-07
1.0 2.68098870038e-06
1.0 5.16670479556e-06
1.0 5.30867737325e-06
1.0 6.68238271828e-06
1.0 5.35878325536e-06
1.0 6.16815931664e-09
-1.63034403755e-08 0.999999940395
1.0 2.33865563359e-07
1.0 0.0
9.37382083066e-06 -0.999999880791
-0.999999761581 -1.98751076823e-05
-0.999999940395 2.05834408007e-06
-0.999999940395 2.20855017687e-05
-0.999999940395 1.84456512216e-05
-0.999999940395 7.54197117203e-06
1.0 7.16826434655e-06
1.0 1.98386260308e-06
1.0 2.06376271628e-09
1.0 0.0
1.0 -2.12009467759e-08
1.0 -1.08839049062e-06
0.00532861426473 -0.99998575449
1.0 -6.85260251321e-11
0.000871256692335 0.999999463558
1.0 2.65745597972e-06
1.0 -8.1855483586e-05
1.0 1.76776069338e-07
1.50585151459e-06 0.999999523163
1.0 3.46535415474e-07
1.0 0.0
1.0 0.0
1.0 0.0
1.0 0.0
1.0 0.0
1.0 0.0
0.106407299638 0.994322359562
1.0 0.000145427315147
0.00859913975 -0.999962985516
-0.999999880791 2.72475233487e-07
-1.0 1.23051677292e-05
1.0 9.19731828617e-05
1.0 0.0
1.0 9.80207823886e-06
-0.00163058668841 0.999998450279
1.0 0.000137271956191
1.27116763906e-05 0.999999761581
-1.0 -1.27951568629e-06
-0.999999880791 1.50995759896e-07
-1.0 -1.27951568629e-06
-0.999794602394 -0.0202630851418
-1.0 7.40607501939e-05
-0.999999761581 6.58829139866e-06
-0.999999880791 1.10466987735e-06
-0.999999940395 5.26030780748e-05
-0.999999940395 1.50995617787e-07
-0.999999880791 2.53517987403e-06
-0.999999940395 1.50995788317e-07
1.0 1.48576464198e-06
1.0 0.0
1.7122425561e-05 -1.0
1.0 -8.94826314379e-07
1.0 0.0
1.0 0.0
1.0 -3.40324072567e-06
-1.06213792606e-05 -0.999999940395
-0.999999880791 2.27435918987e-07
-0.999999761581 -3.1868635233e-06
0.999245882034 0.0388244874775
0.99690759182 -0.0785797685385
1.0 -1.77939801782e-10
1.0 0.0
0.00442461390048 -0.999990165234
1.0 -9.78989100986e-06
0.00062854657881 0.999999463558
1.0 2.88362434731e-06
1.04911656251e-07 -0.999999940395
1.0 1.9200224699e-07
-2.92557285064e-08 0.999999761581
1.0 2.1312894205e-06
1.0 0.0
1.0 0.0
1.0 0.0
1.0 0.0
1.0 8.28013265591e-12
1.0 3.85561556016e-08
-0.00280801346526 0.999995589256
1.0 3.48985777237e-05
1.0 1.51300537254e-06
1.0 0.0
1.0 0.0
1.0 0.0
1.0 0.0
1.0 4.8571937441e-06
0.0210904479027 0.999777436256
1.0 0.000152543361764
1.04467035271e-05 0.999999821186
1.0 2.54549121337e-07
1.0 0.0
1.0 -4.90362694894e-10
1.0 4.68250362928e-07
1.0 4.5074526156e-07
1.0 5.68340908558e-07
1.0 6.98636199559e-07
1.0 5.02372188294e-07
1.0 7.09367895979e-07
1.0 6.26082396593e-07
1.0 7.81297558206e-07
1.0 5.91343787089e-14
1.0 0.0
1.0 -5.70735721794e-07
1.0 -6.71623740238e-14
1.0 0.0
1.0 0.0
1.0 7.58935243539e-07
1.0 -4.11668906963e-06
1.0 1.43723264046e-06
1.0 4.88132968712e-07
1.0 4.13523077271e-14
-0.00445273192599 -0.999989748001
1.0 -1.75961952209e-06
1.0 0.0
1.0 -6.50024958304e-08
1.0 -1.12185190608e-13
0.000458131660707 0.999999761581
1.0 2.98976988233e-06
1.0 1.0109735058e-06
0.999991297722 0.00411069020629
-8.82336479435e-08 0.999999165535
-0.999999940395 1.60960898938e-05
0.999997258186 0.00231493380852
1.0 3.15414126817e-07
0.999999821186 7.98639030108e-06
0.999999761581 5.43008754903e-05
0.999999284744 2.83406934614e-05
0.99999922514 0.000291676551569
-1.43052636759e-06 0.999999284744
1.0 6.13945521764e-05
-0.000331564689986 0.999999880791
-0.999992132187 -0.00381024321541
-0.999996960163 0.00225368025713
1.0 7.13311646905e-06
1.0 0.0
1.0 8.75280420587e-07
0.0384198203683 0.999261558056
1.0 8.00646521384e-05
-0.0015149776591 0.999998569489
-0.999999761581 -2.78636946405e-07
-0.999999940395 1.50995788317e-07
-0.999999940395 3.9013215428e-05
-0.999999940395 3.8941388425e-07
-0.999999880791 1.50995759896e-07
-0.999999821186 1.50995759896e-07
-0.999999821186 8.97248082765e-06
-0.999999701977 -1.51793017267e-06
-0.999999761581 1.50995731474e-07
-0.999999880791 1.50995774106e-07
-0.999999880791 1.50995774106e-07
-1.0 3.89414367419e-07
-1.0 1.50995802528e-07
-0.999999940395 1.34308857014e-06
-0.999999880791 1.34308845645e-06
-0.999999940395 1.50995745685e-07
-0.999999880791 6.27832889677e-07
-0.999999880791 -2.27825989185e-08
-0.999999403954 -2.2331882974e-06
-0.999999701977 6.27832662303e-07
-0.999999940395 6.2783277599e-07
1.0 1.39664496146e-06
-0.000703249126673 -0.999999582767
1.0 -2.11661426874e-06
1.0 1.65816745721e-05
1.0 2.40517377065e-15
1.0 0.0
1.0 7.73411201749e-08
1.0 3.2786609121e-14
1.0 2.4133977039e-09
0.000130420696223 0.999999523163
-0.999999403954 -0.000684101949446
-0.999999523163 -5.57104704058e-06
-0.999999940395 -2.23318988901e-06
-0.999999701977 -5.64255401514e-07
-0.999999403954 -1.99476517082e-06
-0.999999701977 -1.99477040042e-06
-0.999998986721 -1.04109597032e-06
-0.999998211861 1.34308493216e-06
-0.999999165535 0.000374034250854
1.0 6.9651818194e-05
7.54978799478e-08 0.999999880791
1.0 6.94988148098e-06
1.0 4.87028228235e-06
1.0 2.85724872581e-12
1.0 0.0
1.0 3.1769681641e-07
0.00232977606356 0.999997079372
1.0 7.06400487616e-06
0.149134323001 0.988816201687
1.0 4.79807056308e-07
1.0 3.39244053293e-07
1.0 2.31283252106e-07
1.0 3.20013157307e-07
1.0 -3.46474394064e-07
4.6767960157e-05 -0.999999761581
1.0 2.72291259762e-07
1.0 7.76090359977e-07
1.0 6.29169733202e-07
-0.00910655036569 0.999958097935
1.0 3.61373110991e-07
0.000837337749545 -0.999999523163
1.0 3.07361574414e-07
1.0 3.15307715937e-07
1.0 2.96010938428e-07
1.0 3.21788490965e-07
1.0 2.21252139454e-06
1.0 4.70387603855e-05
1.0 8.09186758488e-07
1.0 3.10951492111e-07
0.000185501543456 -0.999999821186
1.0 -3.67679895135e-05
-0.0762801840901 -0.997086405754
1.0 -1.88543447166e-06
1.0 5.05260935313e-08
1.0 8.34743028585e-16
1.0 0.0
1.0 0.0
1.0 0.0
1.0 0.0
0.000129536740133 0.999999821186
1.0 1.22394940263e-05
1.0 2.102734652e-05
1.0 1.65521068993e-05
1.0 1.6784248146e-05
1.0 1.65505789482e-05
1.0 1.78887839866e-05
1.0 1.97057506739e-05
1.0 1.77090932993e-05
1.0 8.63758396008e-06
1.0 1.46619640873e-05
7.54978302098e-08 0.999999642372
1.0 0.0
0.00524275330827 0.999985873699
1.0 8.60670894554e-08
1.0 0.0
1.0 3.60116018783e-07
0.000233964092331 0.999999940395
1.0 1.78999228634e-11
0.152960091829 0.988232135773
1.0 1.32342474899e-05
1.0 0.0
1.0 0.0
1.0 0.0
1.0 -7.31238344542e-07
1.70032126334e-05 -0.999999940395
1.0 0.0
1.0 -1.67335874721e-05
1.0 1.03780905647e-06
4.12861299992e-06 0.999999880791
-0.00163762061857 0.999998450279
0.000965312879998 -0.999999463558
1.0 0.0
1.0 0.0
1.0 0.0
1.0 0.0
8.14082046219e-09 0.999999940395
-0.999998092651 0.00188094493933
1.0 0.00021767927683
1.0 0.0
0.00364048057236 -0.999993383884
-2.07026914723e-06 -0.999999940395
-1.17262179629e-05 -0.999999821186
-0.999999463558 5.12100132255e-06
-0.999999940395 -3.18686375067e-06
-0.999999880791 -1.04109687982e-06
-0.999999880791 1.50995774106e-07
-0.999999880791 -3.25444688087e-07
-0.999999821186 -8.0266340774e-07
1.0 4.26447513746e-07
0.000642732484266 0.999999582767
1.0 8.70289852628e-07
0.999999523163 0.000338714191457
1.0 -2.16263920834e-12
1.0 0.0
1.0 0.0
1.0 0.0
1.0 0.0
1.0 0.0
1.0 0.0
1.0 4.03024023399e-06
1.66455738508e-05 0.999999284744
1.0 3.44320362153e-12
-4.41043266619e-06 0.999999940395
1.0 2.1058825439e-07
1.0 3.02585876209e-15
1.0 8.46227578677e-07
7.10931900016e-08 0.999999940395
1.0 2.15893532977e-13
0.0968907177448 0.995294749737
1.0 6.43937528366e-05
1.0 0.0
1.0 0.0
1.0 0.0
1.0 -1.42701196637e-07
-0.00194768363144 -0.999998033047
1.0 0.0
0.000301134801703 -0.999999880791
1.0 -2.80185377051e-05
6.03596072324e-06 0.999999761581
7.54978515261e-08 0.999999761581
0.000943855207879 -0.999999463558
1.0 7.02023100985e-07
1.0 5.58786098281e-07
1.0 4.90304046252e-07
1.0 3.84411890764e-07
1.55645648192e-05 0.999999821186
1.0 4.27211898568e-06
1.0 0.0
1.0 0.0
1.0 -4.29745981023e-08
1.0 3.16611306062e-08
1.0 2.14746975757e-07
1.0 1.22013432247e-06
1.0 1.03349952951e-06
1.0 6.56951101519e-07
1.0 6.86721762122e-07
1.0 9.2854503464e-07
0.000292312644888 -0.999998390675
1.0 -2.16491321398e-12
0.0186612047255 0.999825775623
1.0 2.38256325247e-06
7.12434339221e-05 -0.999999880791
1.0 -2.24848622565e-06
1.0 0.0
1.0 0.0
1.0 0.0
1.0 0.0
1.0 0.0
1.0 3.81697518037e-08
1.0 2.57577789853e-06
6.31371876807e-05 0.999999701977
1.0 4.89383126023e-07
-0.0888835191727 0.996041893959
1.0 2.45339819571e-08
1.0 6.69288738209e-07
5.31235236849e-05 1.0
-0.999999880791 -2.79140380144e-07
1.0 1.10347309601e-05
0.0100127691403 0.99994969368
1.0 0.000117076378956
1.0 0.0
1.0 0.0
1.0 0.0
1.0 -1.26695880454e-07
0.000805149262305 -0.999999523163
1.0 5.95324969876e-11
0.000651672889944 -0.999998927116
1.0 -2.6799587431e-05
4.9255831982e-06 0.999999761581
9.01618022908e-06 0.999999880791
-0.00294015463442 -0.999993264675
-0.999999821186 2.05810874832e-06
-0.999999940395 3.72727390641e-06
-0.999999940395 7.54196980779e-06
-0.999999880791 0.000160129799042
-1.0 2.0416573534e-05
1.0 4.08708729083e-06
1.0 -2.37563622107e-08
0.999872505665 -0.0159645434469
1.0 0.0
1.0 0.0
1.0 0.0
1.0 0.0
1.0 0.0
1.0 0.0
1.0 0.0
1.0 0.0
7.84628326755e-08 -0.999999880791
1.0 -1.19845287827e-06
0.00373310502619 0.999992847443
1.0 3.09264783027e-06
0.000154332286911 -0.999999940395
1.0 -1.9668304958e-06
1.0 0.0
1.0 0.0
1.0 0.0
1.0 0.0
1.0 0.0
0.000216436339542 0.999999701977
1.0 3.48621483681e-06
-7.10799108461e-09 0.999999821186
1.0 1.51968220052e-06
4.00940280088e-06 0.999999880791
1.0 2.31598051309e-16
1.0 5.37784387689e-07
0.000570253236219 0.999999463558
1.0 1.51782761164e-13
1.0 1.04922048649e-06
0.11379430443 0.993504226208
1.0 6.21594663244e-05
1.0 0.0
1.0 0.0
1.0 0.0
1.0 1.82281476697e-13
1.98166773657e-07 0.999999940395
1.0 1.43120487905e-07
0.0242903865874 -0.99970471859
1.0 -1.46969632624e-05
0.99687743187 0.0789645984769
0.00638336362317 0.999979197979
1.0 9.79502715381e-07
1.0 1.7642412331e-06
1.0 1.77502022325e-06
1.0 3.99132800649e-14
1.0 -8.90998364866e-07
1.0 -1.19902663644e-13
1.0 5.35189940365e-07
1.0 -2.44036655204e-05
7.04487274561e-06 -0.999999642372
1.0 0.0
1.0 0.0
1.0 0.0
1.0 0.0
1.0 0.0
1.0 0.0
1.0 0.0
1.0 0.0
1.0 -5.56478198632e-07
1.0 1.11041276796e-06
0.00014504500723 1.0
1.0 1.96965958355e-14
0.00031657438376 -0.999999821186
1.0 -1.95570419237e-06
1.0 0.0
1.0 0.0
1.0 0.0
1.0 0.0
1.0 0.0
-2.06344719089e-08 0.999999761581
1.0 1.05671620076e-06
3.51230082742e-05 0.999999880791
1.0 1.07900029889e-06
0.0386057905853 0.999254286289
1.0 0.0
1.0 5.28996793037e-07
0.00110252236482 0.999999344349
1.0 4.23438405051e-06
-1.78577963084e-07 0.999999344349
-0.999999821186 2.05834135159e-06
1.0 5.81203785259e-05
1.0 0.0
1.0 0.0
1.0 0.0
1.0 1.79580723625e-07
1.17579975267e-05 0.999999940395
1.0 3.97470989769e-14
0.0012433459051 -0.999999165535
1.0 -5.46085175301e-06
1.0 0.0
1.0 0.0
6.3318067987e-05 1.0
-0.999999880791 -1.54911834471e-08
-0.999999821186 -3.18686375067e-06
1.0 -2.78700304079e-06
0.99890422821 -0.0467986501753
1.0 -5.0371911503e-11
0.00517218466848 0.999986469746
1.0 9.73611622612e-06
6.71544228226e-07 -0.999999880791
1.0 3.67285167613e-07
-0.00684903515503 0.999976038933
-0.999999701977 -0.000387994252378
-0.999999642372 -2.15450872929e-05
-0.999999880791 6.58829549138e-06
-0.999998986721 0.00139251491055
1.0 0.00016382324975
1.0 0.0
1.0 0.0
1.0 3.73787779158e-14
1.0 1.90527600807e-07
1.0 0.0
0.00143976532854 -0.999998867512
-0.999956309795 -0.00934253167361
-0.999999880791 0.000232132108067
-0.999999880791 6.19013735559e-05
-0.999999761581 5.87303975408e-06
-0.999999940395 5.59409381822e-05
-0.999999821186 2.77359936263e-06
-1.0 6.2783294652e-07
1.0 3.87814043279e-06
0.00305731128901 0.999995112419
1.0 7.00376915574e-07
0.00266416044906 0.999996125698
1.0 0.0
1.0 6.57792725178e-07
-0.0105380639434 0.999944031239
1.0 7.68302652432e-06
-0.050080832094 0.9987449646
1.0 4.18247282141e-06
1.0 7.66231522675e-12
1.0 0.0
1.0 0.0
1.0 0.0
1.0 2.23433843871e-07
1.14837939691e-06 1.0
1.0 0.0
1.0 -2.74769611508e-08
1.0 -2.24232626553e-14
1.0 0.0
1.0 0.0
0.00013513956219 0.999999821186
1.0 1.20198887998e-06
1.68840015249e-05 -0.999999642372
1.0 -2.40866188506e-06
7.54978728423e-08 -0.999999701977
1.0 -1.98856628231e-06
-0.00385096971877 0.999992251396
1.0 2.75662641798e-05
-0.00127367477398 -0.999998688698
1.0 7.69933649281e-07
1.98284578801e-06 0.999999701977
1.0 -2.20934043682e-06
-5.76853526582e-05 -0.999999701977
1.0 5.54078724235e-06
1.0 3.27205293615e-06
1.0 8.53781045862e-07
1.0 1.20652748592e-06
1.0 8.93878564057e-07
1.0 1.74845212086e-07
1.0 0.0
1.0 0.0
1.0 0.0
1.0 7.41254211789e-07
1.0 9.91776460069e-07
1.0 1.05721312593e-06
1.0 1.29415820993e-06
1.0 1.09503787371e-06
1.0 1.24304335714e-06
1.0 1.48232049924e-06
1.0 2.83229602965e-13
0.0670382231474 0.997750163078
1.0 1.85608814718e-06
0.0264439210296 0.999650061131
1.0 2.32148544832e-09
1.0 9.53628023126e-06
-0.000682754733134 0.999999523163
1.0 6.28406780834e-07
0.00146265362855 0.999998867512
1.0 0.0
1.0 0.0
1.0 0.0
1.0 0.0
1.0 0.0
1.0 1.75403954472e-07
2.86857175524e-05 0.999999880791
1.0 0.0
1.0 -2.49049644481e-05
1.0 -2.63897627709e-12
1.0 0.0
1.0 0.0
4.72465899293e-06 0.999999821186
1.0 1.72742500126e-06
9.58005257417e-05 -0.999999880791
1.0 -1.74428396349e-06
-0.154328852892 -0.988019406796
1.0 -2.98095874314e-05
1.34269366754e-05 0.999999880791
1.0 1.99889063879e-06
-0.0231704562902 -0.999731302261
1.0 -1.31858740815e-07
1.98284578801e-06 0.999999940395
1.0 -5.72923738673e-07
-0.00418630242348 -0.999990880489
-0.999999880791 -5.3688013395e-06
-0.999999880791 -1.03553861663e-06
-0.999999880791 -1.27951545892e-06
-0.999999821186 -2.23318943426e-06
-0.999999821186 -1.75635238975e-06
-0.999998927116 -2.23318716053e-06
1.0 -6.62606953483e-06
1.0 -3.98709344154e-05
1.0 0.0
1.0 0.0
1.0 0.0
1.0 0.0
1.0 0.0
1.0 0.0
1.0 0.0
1.0 0.0
1.0 0.0
2.45968340096e-06 0.999999880791
1.0 2.8513570669e-06
0.00124724255875 0.999999165535
1.0 7.23421578641e-07
1.0 0.000129546489916
0.000461057235952 0.999999761581
1.0 7.07144522494e-07
0.000423029327067 0.999999403954
1.0 0.0
1.0 0.0
1.0 0.0
1.0 0.0
1.0 0.0
1.0 1.69072606582e-07
0.000152782507939 0.999999940395
1.0 0.0
3.49489397422e-08 -0.999999821186
1.0 -1.36781000037e-06
1.0 0.0
1.0 0.0
0.00209934916347 0.999997675419
1.0 2.67654741037e-06
1.0 -1.87363951909e-07
1.0 -4.67567269082e-14
1.0 -3.560967059e-07
1.0 -2.6733500396e-12
2.2807678306e-06 0.999999940395
1.0 2.02346473088e-06
0.0472494922578 -0.998883008957
1.0 3.49611077866e-08
0.000291422824375 0.999999403954
1.0 -5.25160260167e-07
3.47985733242e-05 -1.0
0.999601960182 0.0282053183764
0.999999165535 0.000731965410523
0.999611914158 0.0278535857797
0.999984800816 0.00543697690591
0.999999761581 7.28964960217e-06
1.19248610986e-08 -0.999998867512
1.0 -1.84218042705e-05
1.54373374244e-05 -0.999999880791
1.0 1.64027580581e-12
1.0 6.20407263341e-06
1.0 0.0
1.0 0.0
1.0 0.0
1.0 0.0
1.0 0.0
1.0 4.627509381e-14
1.0 1.71539866756e-07
1.94707169499e-07 0.999999940395
1.0 3.51196672455e-06
0.000335410994012 0.999999940395
1.0 8.41477742597e-07
1.0 0.000126971339341
0.00161524082068 0.99999833107
1.0 1.01432340216e-06
3.54806397809e-05 0.999999940395
1.0 0.0
1.0 0.0
1.0 0.0
1.0 0.0
1.0 0.0
1.0 2.22493369506e-07
2.10205485018e-06 0.999999761581
1.0 0.0
7.54978941586e-08 -0.999999940395
1.0 -1.37659196753e-06
1.0 0.0
1.0 0.0
0.000166815676494 0.999999761581
-0.999999880791 0.000231588812312
-0.999999821186 8.16901228973e-05
-0.999999880791 8.21669673314e-05
-0.999999463558 0.000297697202768
-0.999999701977 0.000118168121844
-0.999998688698 0.00155255687423
1.0 7.33908109396e-07
-2.35275419982e-05 -0.999999701977
-0.99999576807 0.00236018747091
-0.999996602535 0.00257077696733
1.0 -5.25695440956e-07
4.35050606029e-05 -0.999999940395
0.999999880791 3.6242108763e-06
1.02917204003e-06 0.999999940395
1.0 2.28442013395e-06
1.0 3.20193271364e-06
1.0 2.06635218092e-06
-4.37113740759e-08 -0.999999642372
1.0 -5.21507427038e-05
-0.0317018888891 -0.999497115612
1.0 2.0656000288e-06
-2.27162017836e-05 0.999999761581
-0.999999046326 0.000562817847822
-0.999999523163 0.000971468049102
-0.999999582767 0.000798376160674
-0.999996900558 0.00241127517074
-0.999983429909 0.00574501696974
-0.999999701977 0.000293405697448
-0.998585879803 0.0531608201563
-0.999890625477 0.0147787099704
1.0 3.73650141228e-06
0.00140984356403 0.999998688698
1.0 6.71672864883e-07
1.0 5.32484664291e-05
0.0216625649482 0.9997651577
-0.999997973442 0.0019544030074
-0.999999582767 0.000480266811792
1.0 2.13348744182e-06
1.0 0.0
1.0 0.0
1.0 0.0
1.0 0.0
1.0 2.56348243965e-07
9.66020294868e-08 1.0
1.0 0.0
-4.37113776286e-08 -0.999999761581
1.0 -1.85023577615e-06
1.0 0.0
1.0 0.0
-0.0143553270027 0.999896764755
1.0 4.276355412e-06
1.0 2.31872400036e-06
1.0 2.47096545536e-06
1.0 2.15665386349e-06
1.0 2.44986904363e-06
1.0 1.53312964812e-06
1.0 1.09506147368e-13
1.0 4.13307907365e-06
1.0 2.85590090243e-06
1.0 2.46925537795e-06
1.0 -5.4812670669e-07
2.68975818472e-05 -0.999999761581
0.999998986721 0.000359894009307
1.94707155288e-07 0.999999761581
1.0 0.0
1.0 0.0
1.0 0.0
-4.37113669705e-08 -0.999999582767
1.0 -0.000122787430882
6.65903644403e-05 -0.999999940395
1.0 1.211586914e-05
-6.39757729459e-07 0.999999940395
1.0 1.64588709595e-06
1.0 -7.78828791681e-07
1.0 1.45178137245e-06
1.0 1.21893310734e-06
1.0 1.16134879136e-06
1.0 1.59960063684e-06
1.0 3.5468601709e-05
1.0 1.31716087708e-05
1.0 4.2146564283e-07
2.85657115455e-05 0.999999880791
1.0 1.00123088487e-06
0.999999821186 0.000351556373062
0.0249155666679 0.999689221382
1.0 1.90485206986e-05
3.57940149742e-10 -0.999999880791
1.0 2.886467107e-12
0.0129777966067 0.999915599823
-0.999999821186 1.19423964406e-06
-0.999999940395 3.89414338997e-07
-0.999999880791 9.64720893535e-05
-0.999999821186 6.11145924267e-06
-0.999999940395 0.000350647023879
1.0 0.0
-4.37113776286e-08 -0.999999701977
1.0 -1.93492655853e-06
1.0 0.0
1.0 0.0
1.0 5.65224618185e-05
1.0 3.51501748715e-12
1.0 0.0
1.0 0.0
1.0 0.0
1.0 0.0
1.0 -9.44132683145e-09
0.999999880791 -2.92277832159e-07
1.0 0.0
1.0 0.0
1.0 0.0
1.0 -4.3547655082e-07
4.99049783684e-05 -0.999999940395
0.999991714954 0.00402316637337
0.999998927116 -4.60443989141e-05
1.0 -6.07590866508e-10
1.0 0.0
1.0 0.0
7.54978941586e-08 -0.999999940395
1.0 -8.32646037452e-06
2.78512507066e-05 -0.999999761581
1.0 3.42544376508e-06
-0.000170870378497 0.999999403954
1.0 -5.06280400714e-07
0.000880865612999 -0.999999403954
0.999825954437 -0.0186575036496
1.0 -1.66375659916e-08
1.0 0.0
1.0 0.0
2.73999152256e-08 1.0
-0.999999940395 1.93033565665e-06
-0.999999940395 3.48885555468e-06
-1.0 2.94101778309e-06
1.0 3.21212183962e-07
1.0 5.85454981774e-05
0.00247449940071 0.99999666214
1.0 -8.37358982153e-08
7.54978870532e-08 -0.999999940395
1.0 0.0
7.54978870532e-08 0.999999880791
1.0 1.06575805603e-06
1.0 5.16514091942e-07
1.0 3.27617215135e-07
1.0 4.2954059154e-07
1.0 2.87435113933e-07
1.0 0.0
7.54978728423e-08 -0.999999701977
1.0 -1.53155656335e-06
1.0 0.0
1.0 0.0
1.0 0.0
1.0 0.0
1.0 0.0
1.0 0.0
1.0 0.0
1.0 0.0
1.0 -1.61772356932e-06
7.83538780524e-07 -0.999999880791
1.0 0.0
1.0 0.0
1.0 0.0
1.0 -8.03587543187e-14
1.0 -1.10653866159e-06
1.0 2.27191918611e-08
1.0 -7.71430297419e-09
1.0 5.63415085253e-07
1.0 2.41135012402e-07
1.0 2.10257070421e-07
1.0 1.51193930265e-07
1.0 -7.78833793902e-07
0.012081339024 -0.999926865101
1.0 2.7897306154e-06
7.54977378392e-08 0.999999821186
1.0 -2.48824647997e-07
1.86721463251e-05 -1.0
1.0 0.0
1.0 0.0
1.0 0.0
1.0 0.0
-9.63642160059e-05 0.999999880791
1.0 1.30167691168e-05
1.0 0.0
1.0 0.0
1.0 0.0
1.0 5.30427823833e-05
0.023577593267 0.9997215271
1.0 -1.05575871601e-07
7.54976454687e-08 -1.0
1.0 0.0
5.79753532293e-06 0.999999821186
1.0 4.51857061989e-07
1.0 0.0
1.0 0.0
1.0 0.0
1.0 0.0
1.0 0.0
-5.17805347044e-05 -0.999999880791
1.0 -1.2142807293e-07
1.0 0.0
1.0 0.0
-0.00249199103564 0.999996483326
-0.999999880791 -3.66370090887e-06
-0.999999701977 -1.99477062779e-06
-0.999999821186 -1.99477108254e-06
-0.999999821186 -1.99477108254e-06
-0.999933540821 -0.0115097248927
1.0 9.76517003437e-06
0.00194056180771 -0.999997675419
1.0 0.0
1.0 0.0
1.0 0.0
1.0 0.0
1.0 0.0
1.0 3.25775818055e-06
0.0619396679103 0.998079478741
-0.999999940395 -4.2682675172e-08
-0.999999940395 2.29676288654e-06
-0.999999940395 0.000183971700608
-0.999998927116 0.00141492602415
-1.0 3.89387594169e-07
1.0 2.15427292005e-07
1.0 2.24691416406e-06
1.94707155288e-07 0.999999821186
1.0 -3.92312927033e-07
5.5233368812e-07 -0.999999701977
1.0 0.0
1.0 -3.88800581277e-05
1.0 -1.9995886457e-12
1.0 0.0
1.0 4.72744829949e-07
1.0 3.13715714647e-13
1.0 6.74395594924e-10
0.000964796403423 0.999999463558
1.0 1.0427300623e-07
1.0 6.40849102638e-05
0.00982645526528 0.999951422215
1.0 -8.39638687467e-08
5.32070635018e-06 -1.0
1.0 0.0
7.22805452824e-06 0.999999940395
1.0 4.34985480524e-07
1.0 0.0
1.0 0.0
1.0 0.0
1.0 0.0
1.0 0.0
1.0 0.0
1.0 0.0
1.0 0.0
1.0 0.0
5.99185441388e-05 0.999999761581
1.0 4.42960708824e-06
1.0 7.03685088865e-07
1.0 2.62087610281e-07
1.0 4.41876267132e-07
1.0 2.91120016982e-07
1.0 -1.14914018923e-06
1.09235352284e-05 -0.999999940395
1.0 0.0
1.0 0.0
1.0 0.0
1.0 0.0
1.0 0.0
1.0 2.10217808672e-06
0.000103549136838 0.999999761581
-0.155597805977 0.987820327282
1.0 4.11229530073e-06
1.0 0.0
1.0 0.0
1.0 4.38234292233e-06
0.00154109310824 0.999998629093
1.0 2.12426334656e-06
7.53581304025e-08 0.999999821186
1.0 -2.35366837842e-06
0.00274105067365 -0.999996125698
1.0 -4.39857941465e-15
-4.3711384734e-08 -0.999999880791
1.0 -7.27025451397e-07
1.0 -7.12746768272e-08
1.0 -1.25857183291e-13
1.0 3.42476681681e-07
1.0 3.03231217913e-06
-0.00100986461621 0.999998807907
1.0 6.85171308579e-10
1.0 5.32698650204e-05
0.0224436242133 0.999747931957
1.0 -6.97539306316e-08
6.71541215524e-07 -1.0
1.0 0.0
-7.47970130277e-09 0.999999821186
1.0 6.66597316012e-07
1.0 0.0
1.0 0.0
1.0 0.0
1.0 0.0
1.0 0.0
1.0 0.0
1.0 0.0
1.0 5.01665317643e-06
1.0 2.10904725758e-13
0.0212736278772 0.999773383141
1.0 4.43102635472e-06
0.00231098430231 0.999997317791
1.0 1.20513300317e-06
2.64989830612e-06 1.0
1.0 1.11921309554e-07
2.57889291788e-06 0.999999940395
2.27252603509e-05 -1.0
-0.999999880791 1.04658582245e-07
-0.999999761581 7.90675258031e-05
-0.999999821186 6.85770646669e-05
-0.999999880791 5.15778492627e-06
-0.998633146286 -0.0522600114346
1.0 1.85555200005e-06
0.000277236453258 0.999997615814
0.0442332178354 0.999020040035
-0.0666278377175 0.99777752161
-0.999999821186 1.75555451278e-05
-0.999999582767 0.000545652525034
-0.999999880791 0.000144871039083
-0.978288888931 0.207244515419
1.0 2.34286244449e-06
0.166906073689 0.98597240448
1.0 -1.09946267912e-05
1.84644246559e-08 -0.999999701977
1.0 -4.52312747257e-07
-1.39803535415e-09 -0.999999940395
1.0 -4.08623861858e-07
0.999884963036 -0.0151570979506
1.0 -1.63723871083e-05
0.0112522393465 0.999936640263
1.0 5.0819057833e-06
4.22755801992e-05 0.999999940395
1.0 0.0
1.0 1.52806660481e-05
0.106603123248 0.994301319122
1.0 -8.08359530424e-08
7.54935811642e-08 -0.999999940395
1.0 0.0
1.0 4.33954664913e-06
1.0 2.37945839247e-13
1.0 0.0
1.0 0.0
1.0 0.0
1.0 0.0
1.0 0.0
1.0 0.0
1.0 0.0
6.98963640389e-06 1.0
1.0 2.93317924616e-07
0.998458862305 0.0554929338396
0.999931812286 0.0116494735703
0.999999821186 2.49407818842e-08
-0.996289253235 0.0860649868846
-1.0 8.78104231106e-07
-0.999999821186 1.58150703555e-06
-0.99999833107 0.00126966496464
1.0 -4.74470255085e-07
1.0 1.98097905013e-06
1.0 1.18982404729e-06
1.0 1.09903282919e-06
1.0 -3.01991605056e-07
1.19248735331e-08 -0.999999940395
1.0 4.05907712775e-07
0.105570629239 0.994409918785
0.124582149088 0.992209196091
0.0392944477499 0.999227583408
1.0 6.52148719382e-06
1.0 5.15856709171e-06
1.0 6.20491982772e-06
1.0 5.76321838253e-07
1.0 3.76187585971e-07
-2.73867417633e-09 0.999999940395
1.0 -9.00487611943e-06
-8.50398646435e-05 -0.99999922514
1.0 -6.19823481429e-07
1.14838098852e-06 -0.999999582767
1.0 -7.47543538182e-08
0.00282843085006 -0.999995827675
1.0 -1.17210402095e-05
3.29414706357e-06 0.999999940395
1.0 6.6510083343e-06
2.08179098991e-05 0.999999880791
1.0 0.0
1.0 5.80238463499e-07
3.45263360941e-05 0.999999940395
1.0 -7.55976534848e-16
1.0 -4.43692336205e-08
1.0 0.0
1.0 0.0
1.0 1.3262608107e-14
1.0 2.26354245569e-07
1.0 0.0
1.0 0.0
1.0 0.0
1.0 0.0
1.0 0.0
1.0 0.0
-5.15137621449e-09 0.999999880791
1.0 5.23672042618e-07
1.0 3.59747301393e-11
1.0 1.41721375257e-06
1.0 -2.97278290873e-07
9.15133398394e-07 -0.999999821186
1.0 -4.11668906963e-06
1.0 4.59830198452e-06
0.000561669934541 0.999998927116
-0.999999880791 -1.22263837943e-10
-0.999999880791 1.50995774106e-07
-0.999999940395 -1.99477130991e-06
-0.999999582767 -0.000259963562712
1.0 -1.75110898226e-07
7.54978870532e-08 -0.999999880791
1.0 3.36896987087e-14
5.55912492928e-06 0.999999940395
0.000311441282975 0.999999582767
0.10816642642 0.994132637978
1.0 7.77956472575e-07
-0.0509979277849 0.998698115349
-0.999999821186 -5.90139981327e-09
-0.999999940395 1.50995788317e-07
-0.999999821186 1.50995759896e-07
-1.0 0.000158581489814
1.0 -7.0356395554e-06
-4.45445448349e-06 -0.999999880791
1.0 -8.65283027451e-07
-2.90473326459e-06 -0.999999642372
1.0 -1.91186629195e-07
0.0549639575183 -0.998488247395
1.0 -5.67830147702e-06
0.000382141122827 0.999999642372
1.0 5.10751351612e-06
0.000144795529195 0.999999821186
1.0 0.0
1.0 1.37289134727e-07
0.99399882555 0.109387613833
1.0 0.0
1.0 0.0
1.0 0.0
1.0 0.0
1.0 3.41032404094e-07
6.27437975709e-06 0.999999821186
-0.999999880791 6.92038156558e-06
-0.999999880791 -1.99477108254e-06
-1.0 -1.2795147768e-06
-0.999999880791 -0.0001059452552
-0.999999344349 -0.000913248164579
-0.999999940395 1.81992538728e-06
-1.0 8.01290582331e-07
-0.999999940395 -2.47160846811e-06
-0.999999940395 -1.51793392433e-06
-1.0 -4.79317577629e-06
0.999999821186 1.55711477419e-05
0.130238711834 -0.99148195982
-0.999999940395 -5.39624625162e-06
-0.999999880791 -1.99477108254e-06
-0.999999880791 2.05834408007e-06
1.0 0.0
1.0 0.0
1.0 0.0
-1.29594104337e-08 -0.999999940395
1.0 -5.05827301822e-07
-4.3711384734e-08 -0.999999880791
1.0 0.0
1.35461459649e-05 0.999999940395
0.000143683995702 0.999999880791
0.0362447202206 0.999341964722
1.0 2.51488540925e-06
0.00926750712097 0.999956727028
1.0 0.0
1.0 0.0
1.0 0.0
1.0 0.0
1.0 -3.09133708215e-12
1.0 -2.54416522694e-06
1.0 -2.5237378054e-07
-2.82127700757e-07 -1.0
1.0 -1.04604239937e-07
1.0 0.0
1.0 0.0
2.84269699478e-05 0.999999761581
1.0 5.58843612453e-06
0.000124291560496 1.0
1.0 0.0
1.0 0.0
1.0 -4.01901800728e-08
1.0 -7.5782165848e-15
1.0 0.0
1.0 0.0
1.0 0.0
1.0 4.86203873606e-07
-1.93921834146e-09 0.999999642372
1.0 4.15000795329e-05
1.0 2.11587718013e-07
1.0 1.87806918461e-07
1.0 1.09988896213e-07
1.0 2.00670478989e-06
1.0 2.28196768148e-06
1.0 2.70941109193e-06
1.0 1.98200538648e-07
1.0 2.50657336665e-07
1.0 2.50038539207e-07
1.0 1.94589466068e-11
1.0 -3.20721574099e-06
1.0 2.30418478964e-07
1.0 3.38415361512e-07
1.0 2.08477061392e-07
1.0 0.0
1.0 0.0
1.0 -8.37440446849e-12
-4.36917986235e-08 -0.999999880791
1.0 -4.54283906492e-07
-4.37113811813e-08 -0.999999821186
1.0 0.0
5.20149569638e-06 1.0
0.0670653432608 0.997748315334
0.000369385845261 0.999999880791
1.0 5.5074553984e-07
1.94707155288e-07 0.999999880791
1.0 0.0
1.0 0.0
1.0 0.0
1.0 0.0
1.0 0.0
0.998230397701 -0.0594648383558
1.0 -8.20787818157e-07
-0.000250550248893 -0.999999582767
-1.0 1.00515444501e-06
-0.999999761581 -1.29620220832e-05
-0.999620437622 -0.0275325048715
-0.996206879616 0.0870099961758
1.0 5.08809853272e-06
7.77999448474e-05 0.999999880791
1.0 0.0
1.0 0.0
0.999999940395 -5.74301793677e-07
1.0 -1.77602214535e-06
1.0 0.0
1.0 0.0
1.0 0.0
1.0 7.71539882221e-14
1.0 1.36403855322e-07
1.0 5.61383421882e-06
1.0 0.0
1.0 0.0
0.000808075710665 0.999999403954
1.0 1.13718067496e-06
1.0 0.0
1.0 0.0
1.0 0.0
1.0 0.0
1.0 0.0
1.0 0.0
1.0 0.0
1.0 -5.00830221739e-09
0.999999761581 -2.19730372919e-05
1.0 0.0
1.0 0.0
1.0 0.0
1.0 -1.14583521338e-07
2.70626278507e-05 -0.999999940395
1.0 -3.16047021443e-06
7.54978870532e-08 -0.999999821186
1.0 0.0
5.25275827385e-05 1.0
0.0642600730062 0.997933149338
0.00191648257896 0.999997973442
1.0 8.05907461654e-07
-8.39526492769e-09 0.999999880791
1.0 0.0
1.0 0.0
1.0 0.0
1.0 0.0
1.0 0.0
1.0 -8.40342639918e-09
1.0 -4.13127729726e-13
1.0 4.27977010986e-06
1.0 1.1306820852e-05
1.0 9.56165240495e-06
1.0 8.90419778443e-06
1.0 3.59505133929e-06
1.0 3.71904934582e-06
3.69813655254e-08 0.999999821186
1.0 0.0
1.0 0.0
7.54978586315e-08 -0.999999880791
1.0 -1.75847139872e-06
0.999999582767 0.000437666894868
1.0 3.32417871007e-10
1.0 3.11409650067e-07
1.0 2.47519835739e-07
1.0 3.82567890256e-07
1.0 3.0103265658e-07
1.0 1.54717895384e-07
1.0 0.0
4.12859526477e-06 0.999999821186
1.0 1.82358178336e-06
1.0 0.0
1.0 0.0
1.0 4.2628202209e-05
1.0 2.17563055245e-12
1.0 0.0
1.0 0.0
1.0 0.0
1.0 -2.5150836791e-07
1.14263787054e-06 -0.999999940395
1.0 0.0
1.0 0.0
1.0 0.0
1.0 0.0
1.0 -6.08107825428e-07
1.0 -1.55576174166e-07
3.13916416417e-07 -0.999999821186
1.0 0.0
5.52334995518e-07 0.999999880791
0.00837216060609 0.999964773655
2.59439129877e-05 0.999999940395
1.0 1.36846819141e-13
1.0 2.56428279499e-06
1.0 0.0
1.0 0.0
1.0 0.0
1.0 0.0
1.0 0.0
1.0 0.0
1.0 0.0
1.0 0.0
1.0 0.0
1.0 0.0
1.0 4.73909931316e-05
0.0401025004685 0.999195456505
-0.999999701977 -1.75634750121e-06
-0.999999940395 5.45782713743e-05
1.0 0.0
1.0 0.0
1.06851202872e-05 -0.999999642372
1.0 -2.8525153084e-06
8.03031252872e-06 0.999999761581
1.0 8.12598500488e-06
9.27424803621e-09 1.0
-0.999999523163 0.000842740118969
-0.999999880791 -2.94844244308e-06
-0.999999940395 1.50995759896e-07
-0.999999582767 0.000835719751194
1.0 -3.93108440807e-16
0.999999403954 0.000489381956868
1.0 4.55303052149e-07
1.0 0.0
1.0 1.00090680633e-07
-2.1894782094e-06 0.999999880791
-0.999999940395 0.000163229298778
-0.999999761581 8.55048128869e-05
-0.999999642372 0.000264795409748
-0.999999940395 1.20719178085e-05
1.0 1.74337674252e-05
0.0410331264138 -0.999157428741
1.0 0.0
1.0 0.0
1.0 0.0
1.0 0.0
1.0 0.0
1.0 -2.71493121318e-07
0.0544721111655 -0.998515129089
1.0 0.0
5.08228640683e-06 0.999999701977
-0.157432630658 0.987529158592
0.000348047411535 0.999999940395
1.0 0.0
1.0 0.0
1.0 0.0
1.0 1.5450794308e-05
1.0 1.80923036969e-11
1.0 0.0
1.0 0.0
1.0 0.0
1.0 0.0
1.0 0.0
1.0 0.0
1.0 0.0
1.0 8.27994917074e-09
-4.36987086516e-08 0.999999940395
1.0 9.71386953097e-07
1.0 8.80627851529e-07
1.0 3.10150464881e-14
1.0 0.0
-0.00243636826053 -0.999996840954
-0.999999821186 -3.18385384723e-09
-1.0 8.76582180354e-06
-0.999999880791 9.38574612519e-06
-0.999999284744 0.000292113167234
1.0 2.24244540732e-05
1.0 0.0
1.0 -1.62593778441e-08
-4.36216609501e-08 -0.999999523163
1.0 -1.92361525819e-07
1.0 0.0
1.0 0.0
1.0 0.0
1.0 6.60648083795e-07
-4.37113776286e-08 0.999999940395
1.0 1.7354764168e-06
1.0 4.00979552069e-05
1.0 5.88664261159e-06
1.0 5.69640405956e-06
1.0 -4.05478704124e-06
0.0119238151237 -0.999928474426
1.0 0.0
0.0363284051418 -0.99933975935
1.0 -2.69812085207e-06
1.0 3.05274011225e-06
1.0 0.0
1.0 -1.02553294361e-14
1.0 -1.84089273603e-07
1.0 0.0
-3.65082253317e-09 0.999999701977
0.0167820695788 0.99985897541
9.09962864171e-07 0.999999940395
1.0 0.0
1.0 0.0
1.0 0.0
2.32373622566e-05 0.999999940395
1.0 1.14976664918e-05
1.0 0.0
1.0 0.0
1.0 0.0
1.0 0.0
1.0 0.0
1.0 0.0
1.0 0.0
1.0 0.0
1.0 8.51409640745e-06
1.0 5.37703616441e-13
0.000222591406782 1.0
1.0 2.49187877444e-07
1.0 7.54941508613e-12
1.0 -2.12182167161e-05
1.0 1.0063749869e-06
-9.04936292567e-10 -1.0
1.0 2.18025135723e-07
1.0 4.5445611363e-07
1.0 -1.13777761626e-13
1.0 -1.73988191818e-05
1.0 -3.55912241901e-08
-2.20248894038e-05 -0.999999582767
-0.999999821186 -1.25222541669e-07
-0.999999761581 1.50995759896e-07
-0.999999880791 -2.94844517157e-06
-1.0 -4.41526225359e-07
1.0 1.03333456991e-06
-4.11480840512e-08 0.999999940395
1.0 3.39477253419e-07
1.62521644143e-06 0.999999821186
-0.999999821186 8.24053931865e-05
-0.999999940395 7.81138660386e-05
1.0 1.05977242129e-05
0.00025148774148 -0.999999463558
1.0 0.0
0.000554278376512 -0.99999922514
1.0 -3.97627854909e-06
4.94281375722e-05 0.999999880791
1.0 0.0
-0.00029890119913 0.999999344349
-0.999998390675 0.000279815547401
-1.0 1.81992527359e-06
-0.999999701977 2.6533602977e-06
-0.99999910593 0.000292690354399
-0.999999701977 7.78038429416e-06
1.0 3.25458813677e-07
1.0 0.0
1.0 0.0
1.0 2.8524121376e-07
1.0 3.34005772259e-13
1.0 0.0
1.0 0.0
1.0 0.0
1.0 0.0
1.0 0.0
1.0 0.0
1.0 0.0
1.0 0.0
1.0 0.0
1.0 0.0
1.50601169935e-06 1.0
1.0 2.69460116442e-07
1.0 2.36333016801e-05
0.00473576504737 0.999988734722
1.0 0.0
-4.01339150358e-07 -0.999999761581
-0.999999940395 1.32004433908e-05
-0.999999880791 -0.000338641752023
1.0 -9.04914941202e-06
-1.64590101548e-08 -1.0
1.0 0.0
1.0 -5.07036429553e-06
1.0 1.25208339341e-06
1.0 1.38471136779e-06
1.0 1.40957433814e-06
-4.45673009608e-09 -0.999999821186
1.0 -7.15768493365e-08
0.000427836901508 0.999999284744
1.0 4.65823213336e-10
8.19058811885e-08 0.999999642372
1.0 1.43154829857e-05
1.0 0.0
1.0 -5.48225898456e-06
7.07665822119e-05 -0.999999701977
1.0 0.0
0.00743747409433 -0.999972343445
1.0 -2.18039508582e-06
6.34209300188e-07 0.999999821186
1.0 0.0
7.54978799478e-08 1.0
1.0 6.94411028235e-07
1.0 8.39607025682e-07
1.0 9.08725894533e-07
1.0 5.94306072799e-07
1.0 5.76279092002e-07
1.0 1.59887955062e-14
1.0 0.0
1.0 0.0
1.0 0.0
1.0 0.0
1.0 0.0
1.0 0.0
1.0 0.0
1.0 0.0
1.0 0.0
1.0 0.0
1.0 0.0
1.0 0.0
1.0 0.0
1.0 6.85445211701e-09
0.0179521366954 0.999838173389
1.0 4.5159340516e-06
1.0 2.67926825472e-05
0.00231528375298 0.999997138977
1.0 6.95042956522e-07
1.0 7.73207830207e-07
1.0 -3.53414179699e-06
-1.40370293167e-08 -0.999999701977
1.0 6.92014009473e-06
1.0 -2.36670130107e-05
1.0 1.88578455152e-13
1.0 0.0
1.0 0.0
1.0 0.0
1.0 0.0
-0.000232024933212 -0.999999821186
1.0 5.96130647068e-08
0.000209049321711 0.999999821186
1.0 0.0
1.0 7.82466395322e-06
1.0 1.19625238534e-11
1.0 0.0
1.0 -2.41921225097e-06
-0.0938530638814 -0.995585680008
1.0 0.0
-0.00970268622041 -0.999952554703
-0.999999403954 0.000938804645557
-0.999999701977 -0.000227447773796
1.0 4.98167409546e-08
3.13916416417e-07 0.999999880791
1.0 1.0783639226e-07
1.0 0.0
1.0 0.0
1.0 0.0
1.0 0.0
1.0 0.0
1.0 0.0
1.0 0.0
1.0 0.0
1.0 0.0
1.0 0.0
1.0 0.0
1.0 0.0
1.0 0.0
1.0 0.0
1.0 0.0
1.0 0.0
1.0 0.0
1.0 0.0
1.0 1.0123632137e-06
4.32983767951e-07 0.999999523163
1.0 1.23870413518e-05
1.0 1.28856161852e-11
0.999999701977 -6.44184256089e-05
0.999999821186 4.81020512311e-09
0.999999523163 1.8377049571e-07
0.999998509884 3.36233097187e-06
-4.37113421015e-08 -0.999999701977
-0.999999761581 1.38658649007e-07
-0.999999463558 -1.51144547544e-06
1.0 2.21665061417e-07
1.0 0.0
1.0 0.0
1.0 0.0
1.0 0.0
1.0 -3.96542162662e-07
1.0 8.34396360005e-07
5.37745791007e-06 0.999999940395
1.0 0.0
1.0 0.0
1.0 0.0
1.0 0.0
1.0 0.0
1.0 0.0
1.0 0.0
1.0 6.12346241269e-07
1.0 2.6103930395e-06
1.19246985619e-08 -0.999999940395
1.0 1.74845553147e-07
7.5238261843e-08 0.999999940395
1.0 1.49814781025e-07
1.0 0.0
1.0 0.0
1.0 0.0
1.0 0.0
1.0 0.0
1.0 0.0
1.0 0.0
1.0 0.0
1.0 0.0
1.0 0.0
1.0 0.0
1.0 0.0
1.0 0.0
1.0 0.0
1.0 0.0
1.0 0.0
1.0 0.0
1.0 -3.43536143976e-10
1.0 1.36575999932e-06
-3.69486059526e-08 0.999999880791
1.0 6.32578394288e-06
1.0 0.0
1.94707240553e-07 -1.0
1.0 -1.6652523982e-07
1.0 0.0
1.0 -1.15982066616e-13
1.0 -2.94654932986e-06
1.0 7.07389480326e-09
1.18063523402e-08 -1.0
-0.999999880791 4.68094822281e-06
-0.999999821186 0.000217588691157
-0.999999880791 0.000238092645304
-0.999999880791 1.73171265487e-05
-0.999999403954 0.000936420459766
-0.999999701977 0.000617654295638
1.0 6.67499250318e-11
0.999999701977 0.000719422765542
1.0 0.0
1.0 0.0
1.0 0.0
1.0 0.0
1.0 0.0
1.0 0.0
1.0 0.0
1.0 0.0
1.0 0.0
4.97857690789e-05 -1.0
1.0 -1.02379658529e-07
0.99925673008 -0.038545653224
1.0 -4.32282695328e-06
1.0 0.0
1.0 0.0
1.0 0.0
1.0 0.0
1.0 0.0
1.0 0.0
1.0 0.0
1.0 0.0
1.0 0.0
1.0 0.0
1.0 0.0
0.999999046326 -0.0013859824976
0.999614477158 -0.0277643501759
1.0 -2.94303748039e-11
1.0 0.0
1.0 0.0
1.0 0.0
0.999507963657 -0.0313648283482
0.999999940395 -2.25276219901e-09
-0.0605904757977 0.998161137104
1.0 4.24349451578e-07
1.0 0.0
1.0 -5.61784418096e-07
1.0 -1.41823800086e-14
1.0 0.0
1.0 0.0
1.0 0.0
1.0 0.0
1.0 -6.0087103293e-08
1.0 2.47721845881e-06
1.0 1.40219401601e-06
1.0 1.4936002799e-06
1.0 1.82346468591e-06
1.0 1.23531765439e-06
1.0 1.29835643747e-06
1.0 0.0
1.0 0.0
1.0 0.0
1.0 0.0
1.0 0.0
1.0 0.0
1.0 0.0
1.0 0.0
1.0 0.0
1.0 0.0
1.0 0.0
1.0 0.0
1.0 0.0
1.0 -4.4662083809e-08
1.0 -5.1884343176e-13
1.0 0.0
1.0 0.0
1.0 0.0
1.0 0.0
1.0 0.0
1.0 0.0
1.0 0.0
1.0 0.0
1.0 0.0
1.0 0.0
1.0 0.0
1.0 -2.3420640427e-10
1.0 -4.44676429012e-09
1.0 -1.57230033436e-14
1.0 0.0
1.0 0.0
1.0 0.0
1.0 -6.87038370639e-10
1.0 9.10125322662e-07
0.00317256059498 0.999994635582
1.0 6.12572989667e-07
