260
1 23.462500 25.668750
3 23.350000 23.531250
3 23.406250 20.606250
1 15.418750 20.493750
2 23.462500 18.693750
3 21.437500 18.525000
3 21.493750 16.725000
2 13.506250 18.581250
2 13.393750 21.393750
1 4.618750 21.618750
2 23.406250 16.556250
2 9.568750 16.556250
2 23.406250 8.625000
3 20.481250 8.456250
2 17.612500 8.568750
3 17.387500 14.362500
1 11.537500 14.643750
1 19.468750 12.376875
2 19.468750 10.655625
2 21.341875 10.605000
2 21.443125 14.401875
3 20.531875 6.605625
2 15.621250 6.706875
1 15.418750 12.478125
2 23.468125 6.453750
1 23.468125 -4.329375
2 9.596875 12.579375
2 13.343125 12.478125
2 13.545625 4.631250
2 21.443125 4.530000
3 21.341875 2.606250
3 21.443125 -3.468750
2 21.544375 -6.303750
1 23.569375 -6.506250
2 12.634375 -3.418125
1 14.608750 -1.393125
2 19.468750 -1.443750
3 12.533125 0.429375
2 19.367500 0.480000
3 10.204375 0.429375
1 7.318750 0.581250
3 10.406875 -5.493750
2 11.571250 2.555625
1 11.470000 7.516875
2 2.357500 23.463750
2 2.458750 19.515000
3 5.496250 19.464375
3 7.420000 19.413750
2 11.267500 19.464375
1 11.470000 18.654375
3 5.445625 8.529375
1 0.433750 8.580000
1 9.546250 8.529375
2 7.369375 10.554375
2 11.419375 10.554375
1 11.419375 9.592500
3 7.470625 -5.595000
1 4.433125 -5.493750
2 7.470625 -12.429375
2 9.343750 -12.429375
1 9.445000 -7.468125
3 9.546250 -8.531250
3 11.470000 -8.430000
3 11.368750 -5.544375
2 19.367500 -5.544375
2 19.316875 -10.404375
1 13.444375 -10.455000
2 11.419375 -12.429375
2 21.392500 -12.378750
2 21.443125 -8.632500
2 23.569375 -8.581875
2 23.366875 -18.403125
2 14.355625 -18.453750
3 14.406250 -16.580625
3 16.380625 -16.428750
2 16.532500 -14.758125
2 21.392500 -14.555625
2 21.392500 -16.428750
2 14.406250 -14.606250
2 5.648125 -14.555625
2 5.395000 -7.670625
2 2.509375 -7.518750
2 2.560000 -3.519375
2 8.432500 -3.367500
2 8.483125 -1.595625
3 -0.376250 -1.393125
1 -1.692500 -1.393125
2 -0.477500 4.479375
2 1.446250 4.479375
2 1.446250 0.581250
3 3.521875 0.631875
1 5.395000 0.581250
3 3.471250 2.454375
2 9.394375 2.555625
3 9.445000 4.580625
1 7.420000 4.530000
2 9.495625 6.504375
2 5.496250 6.453750
1 5.344375 4.428750
2 3.420625 6.504375
3 -1.591250 6.555000
2 -1.641875 10.453125
2 -8.476250 6.555000
3 -8.526875 4.631250
2 -8.577500 0.581250
2 -2.502500 4.631250
2 -2.553125 0.631875
2 -4.628750 0.530625
1 -4.476875 2.505000
1 -6.552500 2.606250
2 -6.653750 0.581250
2 3.370000 10.554375
2 3.420625 17.439375
2 -1.439375 17.540625
2 -1.490000 21.337500
3 0.484375 21.438750
1 0.535000 19.565625
2 0.535000 23.463750
2 -9.590000 23.413125
3 -9.590000 17.591250
1 -5.489375 17.641875
2 -13.589375 17.490000
3 -13.640000 15.515625
1 -6.704375 15.515625
3 -17.487500 15.465000
2 -23.562500 15.465000
2 -23.410625 18.451875
4 -21.588125 18.553125
1 -21.486875 17.490000
2 -21.335000 20.375625
2 -19.461875 18.451875
2 -19.360625 17.540625
2 -15.665000 17.490000
3 -15.614375 19.464375
2 -17.487500 19.413750
1 -17.588750 20.476875
2 -11.615000 19.565625
2 -11.463125 21.438750
1 -15.361250 21.641250
2 -19.512500 20.527500
3 -19.512500 22.501875
3 -23.511875 22.501875
1 -23.562500 23.463750
1 -23.511875 20.628750
2 -17.588750 22.603125
2 -17.639375 23.413125
1 -11.361875 23.514375
3 -17.588750 13.642500
3 -10.602500 13.440000
1 -7.514375 13.591875
2 -10.602500 11.617500
2 -19.411250 11.465625
2 -19.512500 6.504375
2 -14.500625 6.504375
3 -14.551250 -5.493750
3 -16.576250 -5.392500
3 -18.550625 -5.493750
1 -19.613750 4.530000
2 -16.525625 4.530000
1 -18.500000 2.555625
3 -20.423750 -5.392500
3 -8.425625 -5.493750
2 -8.526875 -1.443750
2 -3.565625 -1.393125
3 -3.413750 -3.367500
1 -6.653750 -3.519375
2 0.484375 -3.468750
2 0.383125 -5.443125
2 -20.575625 0.530625
3 -20.575625 -7.366875
2 -9.539375 -7.518750
1 -9.691250 -15.466875
2 -20.423750 -9.341250
2 -11.615000 -9.594375
3 -11.615000 -14.403750
2 -11.513750 -17.390625
3 -7.463750 -17.390625
1 -6.451250 -17.441250
2 -7.463750 -12.581250
2 -2.502500 -12.429375
2 -2.451875 -16.276875
3 3.572500 -16.530000
1 12.431875 -16.479375
2 3.471250 -9.645000
2 0.585625 -9.543750
3 0.332500 -10.505625
1 0.433750 -14.353125
3 -6.603125 -10.353750
1 -7.716875 -10.556250
2 -6.451250 -8.480625
2 -1.793750 -8.379375
2 -1.439375 -7.518750
1 0.383125 -7.417500
2 -21.436250 0.682500
3 -21.588125 5.593125
1 -21.588125 11.566875
3 -23.461250 5.593125
2 -23.410625 13.490625
2 -23.511875 -1.443750
2 -22.651250 -1.494375
3 -22.448750 -17.441250
3 -22.550000 -19.415625
1 -22.651250 -21.693750
2 -17.538125 -19.466250
3 -15.614375 -17.491875
1 -15.513125 -13.593750
2 -15.462500 -21.440625
3 -17.487500 -23.415000
1 -19.461875 -21.541875
2 -19.563125 -23.415000
2 -4.476875 -23.364375
2 -6.653750 -21.390000
2 -6.501875 -19.618125
2 -13.589375 -19.365000
3 -13.488125 -14.353125
2 -13.589375 -11.467500
3 -17.639375 -11.366250
2 -17.639375 -15.365625
2 -20.525000 -11.467500
2 -20.423750 -15.517500
3 -4.476875 -18.453750
1 -4.476875 -14.606250
2 12.431875 -18.352500
3 12.482500 -23.465625
3 10.356250 -23.415000
2 10.406875 -20.529375
2 4.433125 -20.529375
2 4.433125 -21.491250
2 -2.350625 -21.541875
2 -2.451875 -23.364375
2 23.468125 -23.415000
2 23.468125 -20.630625
1 14.406250 -20.529375
1 -15.513125 8.934375
2 -12.526250 8.478750
2 -12.475625 2.606250
3 -10.602500 2.555625
1 -10.450625 9.440625
2 -10.501250 -3.418125
2 -12.475625 -3.418125
1 -12.576875 0.480000
1 -3.616250 8.630625
2 -8.425625 8.630625
2 -8.577500 11.313750
3 -6.603125 11.566875
2 -4.578125 11.516250
1 -6.552500 10.756875
1 -4.578125 10.706250
3 -5.540000 11.617500
2 -5.609201 13.431336
2 -2.534051 13.455550
2 -2.485623 12.562061
2 1.371632 12.583854
2 1.393424 15.504036
3 -3.575243 15.482243
1 -4.555902 15.504036
2 -3.553451 21.453362
2 -7.476083 21.496946
2 -7.454291 19.644592
1 -5.492975 19.557423
264
1 0
2 1
3 2
4 2
5 4
6 5
7 5
8 7
9 8
10 6
11 6
12 10
13 12
14 13
15 14
16 15
18 17
19 18
20 19
20 15
21 13
22 21
23 22
24 21
25 24
26 11
27 26
28 27
29 28
30 29
31 30
32 31
33 32
34 31
36 35
37 34
38 36
38 37
39 37
40 39
41 39
42 30
43 42
44 1
45 44
46 45
47 46
48 47
49 48
50 46
51 50
52 50
53 47
54 53
55 54
56 41
57 56
58 56
59 58
61 59
60 61
62 61
63 62
41 63
67 62
63 64
64 65
65 66
67 68
69 68
69 70
71 70
72 71
73 72
74 73
75 74
76 75
77 74
76 77
78 73
79 78
80 79
81 80
82 81
83 82
84 83
85 84
86 85
87 85
88 87
89 88
90 89
91 90
92 90
93 92
94 93
95 94
96 94
97 96
98 97
99 92
100 99
101 100
102 100
103 102
104 103
105 103
106 105
107 106
108 107
110 104
109 110
111 101
112 111
113 112
114 113
115 114
116 115
117 115
118 117
119 118
120 119
121 119
122 121
123 122
124 122
125 124
126 125
127 126
128 127
129 127
130 127
131 130
132 131
133 132
134 133
135 134
136 133
137 136
138 137
139 129
140 139
141 140
142 141
143 141
144 140
145 144
146 145
147 124
148 147
149 148
150 148
151 150
152 151
153 152
154 153
155 154
156 155
158 155
158 157
159 156
160 156
161 154
162 161
163 162
164 163
165 164
166 164
167 166
167 161
168 160
169 160
170 169
171 170
172 169
173 172
174 173
175 174
176 175
177 176
178 176
179 178
180 179
181 180
182 181
183 181
184 183
185 184
186 185
187 185
188 187
189 187
190 189
191 190
192 191
193 168
194 193
195 194
196 194
197 196
147 197
198 196
199 198
200 199
201 200
202 201
203 201
204 200
205 204
206 204
207 203
209 207
209 208
210 207
211 206
212 211
213 212
214 213
214 174
215 214
216 215
217 216
218 216
219 217
218 219
220 210
221 220
222 220
223 222
224 223
225 224
226 225
227 226
228 227
229 228
229 224
230 223
231 230
232 231
234 233
235 234
236 235
237 236
238 236
239 238
240 239
242 241
243 242
244 243
246 244
247 245
248 244
248 245
249 248
251 250
249 250
252 251
253 252
254 253
255 254
256 254
257 256
258 257
259 258

