12
	-2.46946 0.50000
	1.27943 0.50000
	-1.84617 -0.50000
	0.50000 -0.50000
	0.50000 -1.28400
	1.27943 -1.28400
	-1.84617 -1.44242
	-2.46946 -1.44242
	-2.18387 -0.50000
	-2.18387 -1.28400
	-3.30541 -0.50000
	-3.30541 -1.28400
4
	1 3 2 3
	8 9 0 1
	3 4 3 1
	0 2 2 4
12
	0 1 2 6
	8 3 1 8
	6 7 4 5
	5 4 3 11
	10 8 0 1
	7 0 4 0
	1 5 3 3
	2 6 4 2
	3 2 2 7
	9 11 0 10
	11 10 0 4
	4 9 1 9
lower
1
	-2.74464 -0.89200
	4 8 9 11 10
	0.00000 -0.00000 -3.05816
	1 1
	5 1 4 9 11 10

ramp
1
	-0.84193 -0.89200
	4 3 4 9 8
	1.13946 -0.00000 -0.56973
	2 1 2
	6 1 8 3 11 4 9

upper
3
	-0.63405 0.00000
	4 0 1 3 2
	0.00000 0.00000 0.00000
	2 0 3
	6 0 5 6 7 8 1

	0.88972 -0.64200
	4 3 1 5 4
	0.00000 0.00000 0.00000
	2 0 2
	6 0 6 1 8 3 11

	-2.15781 -0.72121
	4 0 2 6 7
	0.00000 0.00000 0.00000
	1 3
	5 0 5 7 8 2
