237
2 -6.259497 0.724659
2 -3.790624 0.686997
2 -0.601940 0.706494
2 -0.566196 2.194326
2 -0.557302 4.729874
3 -0.857288 7.193728
2 -1.845703 7.372118
4 -2.875927 7.401139
4 -4.950967 7.454918
2 -20.651415 0.813336
2 -26.165435 0.842357
3 -26.165435 2.264394
2 -25.831848 6.334138
3 -25.831415 7.479323
4 -23.789118 7.438435
4 -21.625003 7.438435
2 -24.424166 2.264394
2 -20.537584 2.293415
2 -34.918086 2.322436
2 -32.172816 2.293415
2 -29.183636 2.322436
2 -29.212657 3.802515
2 -29.241678 5.543785
3 -29.308838 7.507660
2 -30.573997 7.507470
4 -31.460959 7.505176
4 -33.613209 7.505176
1 -33.613209 6.063420
2 -2.885768 5.690273
2 -2.921620 3.861777
2 -6.542759 3.915556
2 -9.644032 3.951409
2 -11.759351 3.951409
2 -11.759351 5.744052
3 -11.741424 7.339505
2 -10.522427 7.518769
4 -9.626105 7.500843
1 -9.626105 5.887464
1 -9.590253 8.988736
4 -8.568446 7.500843
1 -8.550520 8.952883
1 -8.604299 5.905390
2 -7.510787 7.518769
4 -6.076672 7.536695
1 -6.040819 8.952883
1 -6.094599 5.905390
1 -4.947307 8.917031
1 -5.001086 5.995022
2 -2.885768 9.365191
2 -2.903694 11.139908
4 -2.903694 12.914625
2 -11.741424 9.060442
2 -11.741424 10.960644
3 -11.723498 12.807066
2 -10.486574 12.807066
1 -9.572326 11.301246
4 -9.518547 12.753287
1 -9.554400 14.330812
1 -8.532593 14.348739
4 -8.550520 12.807066
1 -8.532593 11.265393
2 -7.367375 12.842919
2 -6.453127 12.842919
4 -6.058746 12.824992
1 -6.058746 11.319172
1 -6.040819 14.330812
1 -5.019013 11.283319
1 -5.054866 14.348739
4 -5.036939 12.860845
2 -3.961353 12.878772
2 -2.903694 14.492150
2 -2.903694 15.782853
2 -2.903694 16.715028
2 -4.588778 16.715028
2 -6.381422 16.697101
2 -8.425035 16.697101
2 -10.558280 16.679175
2 -11.759351 16.661248
2 -11.723498 15.370545
2 -11.723498 14.115695
2 -0.967640 8.612281
2 -0.967640 10.458704
4 -0.967640 12.824992
1 2.510088 12.699507
2 -0.967640 14.366665
2 -0.985566 16.392352
2 -0.985566 20.085197
3 -0.985566 19.045464
2 -2.025299 19.063390
3 -2.509313 19.081317
1 -2.527239 17.987804
1 -3.620751 17.987804
3 -3.620751 19.063390
1 -4.642558 18.005731
2 -4.624631 19.045464
1 -4.606705 22.343927
1 -3.602825 22.361853
1 -2.491386 22.361853
3 -2.509313 21.375900
3 -3.566972 21.393826
2 -4.606705 21.375900
3 -0.949713 21.393826
2 -0.519479 22.272221
2 -0.519479 23.562924
2 -0.537405 25.050818
2 -1.899814 24.993420
2 -6.214822 25.050818
2 -20.617733 24.999727
2 -21.738261 25.030853
2 -23.107795 25.030853
2 -24.570707 24.999727
2 -26.158122 25.030853
2 -26.220374 24.252708
3 -26.251500 23.443438
2 -26.207021 22.065017
3 -25.833422 20.713256
2 -25.037594 23.524069
2 -23.885940 23.529702
2 -22.796538 23.542448
2 -21.644884 23.536815
2 -20.424442 23.536815
2 -33.547600 23.534626
2 -32.480121 23.556866
2 -31.546076 23.534626
2 -29.166487 23.534626
2 -34.897372 23.534626
2 -29.188726 21.977886
3 -29.233204 20.287710
6 -30.856663 20.265471
1 -31.012337 21.444146
1 -31.056815 18.619774
1 -32.546838 18.642013
1 -32.702512 21.711016
1 -32.658034 20.220993
2 -29.366639 18.019317
3 -25.808375 19.286948
3 -24.763135 20.132036
2 -23.384307 20.109797
1 -21.360544 20.132036
2 -25.830614 17.240946
2 -25.808375 14.327617
3 -25.808375 12.815355
4 -23.829090 12.793116
2 -25.830614 10.813831
2 -25.830614 8.678872
2 -26.119723 3.541628
2 -25.786136 4.364477
2 -23.806851 14.394335
2 -23.806851 16.553823
2 -29.388879 16.062271
2 -29.500074 14.461052
3 -29.516864 12.883399
2 -21.526070 16.564342
2 -14.895223 16.564342
2 -16.321909 16.548130
3 -14.895223 12.948990
4 -16.986615 12.965202
4 -18.007992 12.948990
4 -21.623345 12.965202
1 -21.607132 14.343251
1 -21.639557 11.246694
1 -20.585755 14.505375
1 -20.601967 11.295331
1 -18.007992 14.343251
1 -17.991780 11.295331
1 -16.970402 14.391888
1 -16.970402 11.279119
2 -23.819645 5.298900
2 -23.763148 11.345819
2 -23.826707 9.407274
2 -23.826707 3.814094
2 -22.158287 3.814094
2 -16.072526 3.829984
2 -14.737789 3.814094
2 -14.753679 5.228279
3 -14.753679 7.325721
2 -14.896686 11.028025
2 -14.896686 8.962362
2 -15.786511 7.421059
4 -17.057688 7.436949
4 -18.026961 7.421059
2 -19.377587 7.421059
4 -20.601095 7.436949
1 -21.633926 5.975095
1 -21.633926 9.025921
1 -20.616984 9.025921
1 -20.616984 5.879757
1 -18.026961 9.010031
1 -18.011071 5.832088
1 -17.073578 8.994141
1 -17.041798 5.816198
4 -20.590033 12.961171
2 -19.284915 12.935580
4 -34.642806 7.518284
1 -34.659596 6.040767
1 -33.601829 8.945430
1 -34.642806 8.962220
2 -35.918843 7.518284
4 -37.228459 7.518284
1 -37.211670 8.794321
1 -37.228459 5.990398
1 -38.202277 6.023978
1 -38.168697 8.794321
4 -38.185487 7.501494
3 -40.384972 7.501494
2 -31.469504 5.419539
2 -31.469504 3.874863
2 -32.695171 3.891653
2 -38.974615 3.908443
2 -40.384972 3.891653
2 -40.384972 5.083740
2 -40.384972 9.549869
2 -40.368182 11.497504
3 -40.351392 12.924650
4 -38.202277 12.941440
4 -37.245249 12.958230
2 -35.986003 12.941440
4 -34.626016 12.941440
4 -33.517879 12.941440
1 -33.517879 14.251057
1 -33.534669 11.430344
1 -34.626016 11.430344
1 -34.642806 14.385377
1 -37.228459 11.396764
1 -37.245249 14.368587
1 -38.219067 11.329604
1 -38.185487 14.368587
2 -31.452714 9.348389
2 -31.452714 11.312814
4 -31.469504 12.941440
2 -29.421129 10.557266
2 -31.450653 15.318373
2 -31.478099 16.526020
2 -40.370772 15.236033
2 -40.398218 16.526020
2 -39.272911 16.498573
2 -32.575960 16.526020
251
1 0
2 1
3 2
4 3
5 4
6 5
7 6
8 7
10 9
11 10
14 13
13 12
15 14
0 9
16 11
17 16
18 17
19 18
20 19
21 20
22 21
23 22
24 23
25 24
26 25
27 26
28 7
29 28
30 29
31 30
32 31
33 32
34 33
35 34
36 35
37 36
38 36
40 39
36 39
41 39
42 39
43 42
44 43
45 43
43 8
46 8
47 8
48 7
49 48
50 49
51 34
52 51
53 52
54 53
57 56
55 56
54 56
59 58
60 59
56 59
61 59
62 61
63 62
64 63
65 63
68 67
66 68
63 68
69 68
50 69
70 50
71 70
72 71
73 72
74 73
75 74
76 75
77 76
78 77
79 53
78 79
80 5
81 80
82 81
83 82
50 82
84 82
85 84
87 86
85 87
88 87
89 88
90 89
92 89
91 92
94 92
93 94
98 97
99 98
99 96
100 99
100 95
101 98
101 86
102 101
103 102
104 103
105 104
108 107
109 108
110 109
111 110
107 106
112 111
113 112
114 113
115 114
116 113
117 116
118 117
119 118
120 119
122 121
123 122
123 124
125 121
125 120
126 124
127 126
128 127
129 128
130 128
131 128
132 128
133 128
134 127
135 115
136 135
136 115
137 136
138 137
139 135
140 139
141 140
142 141
143 141
144 143
13 144
145 11
146 145
12 146
147 142
148 147
149 134
150 149
151 150
152 148
154 153
154 152
155 153
156 155
157 156
142 158
159 158
160 158
163 157
164 157
165 156
166 156
167 14
168 142
169 168
14 169
170 167
171 170
172 171
173 172
174 173
175 174
176 155
177 176
177 175
178 175
179 178
180 179
181 180
182 181
15 182
183 15
184 15
185 182
186 182
187 180
188 180
189 179
190 179
192 157
191 192
191 161
162 191
158 191
193 26
194 193
195 26
196 193
197 193
198 197
199 198
200 198
203 198
202 203
201 203
204 203
205 25
206 205
207 206
208 207
209 208
210 209
204 210
211 204
213 212
212 211
214 213
215 214
216 215
217 216
218 217
219 218
220 218
221 217
222 217
223 215
224 215
225 214
226 214
227 25
228 227
229 228
218 229
151 229
230 151
23 230
231 229
232 231
233 213
234 233
235 234
236 232
235 236
105 106

