14 12
1.5
-8.50642590769 -5.29629363242
-0.0112293837592 0.999936282635
-0.0435877367854 0.999048888683
-0.0452105402946 0.99897646904
-0.0415199138224 0.999136567116
-0.0253759399056 0.999675571918
-0.0393449142575 0.999223172665
-0.027881398797 0.99960899353
-0.0381889604032 0.99926918745
-0.0453705564141 0.998969137669
-0.0457011125982 0.998954176903
-0.0438264459372 0.999038279057
0.00522626843303 0.999985575676
-0.0358351767063 0.999356627464
-0.0463883057237 0.998922765255
-0.0473756156862 0.99887573719
-0.0385443940759 0.999255299568
-0.036030754447 0.999347746372
-0.00965140759945 0.999949574471
-0.0312357544899 0.999509096146
-0.0339441411197 0.999421656132
-0.0483640469611 0.998828470707
-0.0474058203399 0.998874247074
-0.046498298645 0.998917043209
-0.030027706176 0.9995470047
-0.0441814400256 0.999022424221
-0.047933023423 0.99884980917
-0.0482999272645 0.998831748962
-0.0414081439376 0.999140679836
-0.085833966732 0.996306598186
-0.176093548536 0.984367370605
0.0685166046023 0.997646391392
-0.0367183126509 0.999322533607
-0.0485928356647 0.998817563057
-0.0487760752439 0.99880862236
-0.0480272509158 0.998844742775
-0.0414110273123 0.999140977859
-0.0474451631308 0.998872935772
-0.0491158887744 0.998791515827
-0.0497354716063 0.998760163784
-0.0488882064819 0.998801112175
-0.0792580768466 0.9968495965
-0.0183943342417 0.999824464321
0.546867787838 0.837214648724
0.0287297852337 0.999582767487
-0.049536023289 0.998770952225
-0.0491542182863 0.998789846897
-0.0489444211125 0.998800098896
-0.0456585213542 0.998955786228
-0.0506924204528 0.998713254929
-0.0538362637162 0.998547911644
-0.0578368455172 0.99832367897
-0.0870278254151 0.996201395988
-0.607985854149 0.793940067291
-0.986400187016 0.164325416088
0.0959795191884 0.995379507542
-0.348858684301 0.937170267105
-0.954512357712 0.298165082932
-0.0539722517133 0.998540818691
-0.0511976145208 0.998687267303
-0.0481913536787 0.998836696148
-0.0564411506057 0.998404443264
-0.0625293776393 0.998040378094
-0.378283172846 0.925685882568
-0.0802260860801 0.996773421764
-0.881970703602 0.471288263798
-0.612352907658 0.790574908257
-0.14513169229 0.989405691624
0.605133891106 0.796117961407
-0.0696145072579 0.997571885586
-0.06362118572 0.997971713543
-0.0572322309017 0.998359501362
-0.0517049506307 0.99866104126
-0.0631945133209 0.997999787331
-0.0687729716301 0.997631251812
-0.388502180576 0.921444892883
0.413884520531 0.910324752331
0.44821035862 0.893919706345
-0.608470976353 0.79356688261
-0.436982005835 0.89946103096
0.394825339317 0.918749153614
0.401607453823 0.915808081627
-0.0708827450871 0.997482419014
-0.0649957060814 0.99788403511
-0.0572474971414 0.998358547688
-0.0655554458499 0.997847557068
-0.0658092498779 0.997830271721
0.997409284115 -0.0718883275986
0.995723545551 -0.0923268422484
-0.0139148216695 0.999898672104
-0.849315166473 -0.527876377106
0.494277894497 0.869295656681
-0.386676549911 0.922207772732
-0.979757666588 -0.200167298317
-0.0690308660269 0.997609972954
-0.0686054378748 0.997642040253
-0.0625818669796 0.998038470745
-0.059720993042 0.998214006424
0.974676549435 0.223604679108
0.971339285374 0.237684711814
0.918667256832 0.395020753145
0.659869074821 0.751373291016
0.236921787262 0.971523702145
-0.516217768192 0.856449484825
-0.154910817742 0.987923145294
-0.864135563374 0.503250718117
-0.961292266846 0.275519549847
-0.0643311142921 0.99792689085
-0.0640164464712 0.997947514057
-0.0470764525235 0.998890161514
0.928247988224 -0.371957033873
0.909905612469 -0.414810836315
0.992792367935 -0.119825206697
0.376177608967 0.9265422225
0.228799089789 0.973465383053
-0.086031332612 0.996286869049
-0.972785949707 0.231688931584
-0.885049104691 -0.465493798256
-0.997719824314 -0.0674635767937
-0.995133519173 -0.0985127538443
-0.0595521964133 0.998224020004
-0.0317495279014 0.99949491024
-0.0197206083685 0.999804377556
-0.0114989429712 0.999932706356
-0.00692329881713 0.999975025654
-0.000498694193084 0.999995946884
0.0249492675066 0.999682605267
0.0504561774433 0.99871981144
-0.00837675761431 0.999960362911
-0.0147537225857 0.999889433384
-0.0248835198581 0.999689102173
-0.0384750701487 0.9992582798
-0.0501241087914 0.998741567135
-0.0183417871594 0.999831140041
-0.00840245746076 0.99996393919
-0.00333808688447 0.999993443489
-0.0013236226514 0.999998211861
-0.000668327906169 0.999995350838
0.199521437287 0.979889392853
0.193418726325 0.981112003326
-0.00198467611335 0.999995112419
-0.00514127314091 0.999985635281
-0.0122863370925 0.999923586845
-0.0247292667627 0.999692499638
-0.0383283421397 0.999264478683
-0.00929295178503 0.999956130981
-0.00279341125861 0.999995231628
-0.000611859606579 0.999998629093
-0.000116095296107 0.99999910593
-3.02036296489e-05 0.999998927116
7.82339338912e-06 0.999998748302
-5.05883908772e-05 0.999998807907
-0.000245447969064 0.999998867512
-0.00126037164591 0.999998152256
-0.00504085142165 0.999986410141
-0.0144060133025 0.999895215034
-0.0265705753118 0.999645709991
-0.00443650502712 0.999989509583
-0.00079857459059 0.999998986721
-7.67658420955e-05 0.999999046326
-4.22036191594e-06 0.99999910593
-2.50142818459e-07 0.999999284744
-7.63088152667e-08 0.999998867512
-8.56178360209e-07 0.999998688698
-1.65348683367e-05 0.99999922514
-0.000239846020122 0.99999910593
-0.00187579181511 0.999996840954
-0.00805417168885 0.999966740608
-0.0159477815032 0.999871969223
