39
2 -0.955341 -2.947240
2 0.707544 -2.984588
3 2.020475 0.957439
2 6.070931 1.003467
3 -2.029982 0.934425
2 -5.988383 0.957439
3 6.070931 3.488974
3 5.886820 5.468175
2 5.771750 7.930385
3 -5.942355 3.511988
3 -6.011397 5.399133
2 -6.057425 8.045738
3 -1.818319 7.907637
3 1.952303 7.953098
4 0.161432 8.039763
2 0.868311 10.610772
2 -0.568460 10.632591
2 2.066503 6.618873
2 -1.983670 6.607508
3 -1.914912 5.606259
3 -3.157666 5.491189
3 -2.904513 3.488974
3 -2.029982 2.890612
3 -1.086410 3.419933
2 -0.971340 4.478575
3 -0.971340 5.422147
3 2.043489 5.491189
3 2.895005 5.422147
3 1.007860 5.422147
2 0.984846 4.501589
4 1.007860 3.465961
2 3.033089 4.455561
4 3.056103 3.511988
3 2.043489 2.606303
2 0.135748 12.783532
4 -0.926313 -1.250922
4 -0.703009 0.515211
4 1.103725 0.535512
4 0.819520 -1.169721
55
4 5
2 3
8 13
7 8
6 7
3 6
5 9
9 10
10 11
11 12
14 13
12 14
15 14
16 14
17 13
18 12
19 18
20 19
20 10
21 20
9 21
22 21
23 22
24 23
25 19
27 7
27 26
26 17
28 26
28 25
25 24
29 28
30 29
23 30
31 27
32 31
30 32
32 6
33 30
33 32
33 2
22 4
34 16
34 15
36 4
37 2
37 36
38 37
1 38
0 35
0 38
1 35
35 37
38 36
35 36

